2019 6 17 22 55 44.040 104.902051 28.344364 6.10 5.111
2019 6 17 22 57 33.640 104.859660 28.384696 3.60 4.817
2019 6 17 23 1 21.540 104.853857 28.383213 2.30 4.338
2019 6 17 23 2 37.280 104.843726 28.382579 3.70 2.778
2019 6 17 23 3 7.320 104.872542 28.372786 3.90 3.046
2019 6 17 23 3 59.580 104.836027 28.386646 3.70 0.358
2019 6 17 23 5 5.020 104.788590 28.416597 2.60 0.962
2019 6 17 23 5 9.520 104.854826 28.385411 2.90 0.855
2019 6 17 23 6 31.000 104.827686 28.393193 1.80 1.146
2019 6 17 23 6 58.700 104.874512 28.369698 2.00 3.189
2019 6 17 23 7 27.280 104.868506 28.369965 2.50 2.785
2019 6 17 23 9 1.660 104.844385 28.385929 4.00 3.511
2019 6 17 23 12 37.480 104.842358 28.396881 2.00 1.505
2019 6 17 23 14 17.640 104.852612 28.378695 2.10 1.432
2019 6 17 23 16 22.900 104.758634 28.432383 2.30 1.116
2019 6 17 23 19 36.280 104.875146 28.358616 1.70 1.621
2019 6 17 23 21 0.440 104.867106 28.367145 3.30 2.999
2019 6 17 23 23 16.560 104.777401 28.417328 2.30 1.660
2019 6 17 23 23 31.560 104.892212 28.370603 3.60 3.464
2019 6 17 23 24 53.900 104.869474 28.366254 2.60 2.913
2019 6 17 23 27 11.180 104.787801 28.416805 2.30 1.287
2019 6 17 23 28 25.620 104.932064 28.334432 2.50 2.177
2019 6 17 23 30 18.120 104.888534 28.371515 1.80 1.304
2019 6 17 23 30 39.080 104.823560 28.396895 2.90 4.821
2019 6 17 23 34 37.840 104.876921 28.367857 1.60 1.137
2019 6 17 23 36 1.880 104.804549 28.417615 5.50 8.490
2019 6 17 23 39 29.360 104.829395 28.404419 2.50 1.489
2019 6 17 23 39 58.640 104.829232 28.393475 2.40 1.272
2019 6 17 23 40 5.800 104.870964 28.366128 2.50 5.487
2019 6 17 23 40 47.980 104.806307 28.407554 2.30 1.494
2019 6 17 23 41 37.280 104.805876 28.407865 3.50 2.468
2019 6 17 23 44 57.980 104.835197 28.391437 1.80 1.509
2019 6 17 23 45 49.520 104.804272 28.410327 3.00 0.729
2019 6 17 23 47 21.120 104.760921 28.425930 1.90 4.066
2019 6 17 23 47 29.220 104.806502 28.407719 2.40 0.860
2019 6 17 23 47 55.080 104.776839 28.419576 2.30 7.044
2019 6 17 23 49 30.480 104.826912 28.394112 1.60 1.844
2019 6 17 23 50 49.160 104.827897 28.386794 2.40 0.806
2019 6 17 23 52 29.040 104.778735 28.428060 2.90 5.798
2019 6 17 23 53 51.520 104.809155 28.401036 1.90 0.647
2019 6 17 23 55 53.780 104.819873 28.389880 2.20 2.258
2019 6 17 23 57 3.480 104.801302 28.412695 2.30 1.577
2019 6 17 23 59 15.680 104.910116 28.347593 2.20 0.605
2019 6 18 0 2 35.270 104.848527 28.376029 2.90 3.749
2019 6 18 0 4 58.150 104.852865 28.380709 1.80 3.876
2019 6 18 0 5 36.730 104.786589 28.411418 2.30 0.208
2019 6 18 0 9 49.910 104.790251 28.405393 2.90 3.575
2019 6 18 0 10 55.400 104.801538 28.412626 2.50 0.685
2019 6 18 0 11 14.310 104.885514 28.344820 3.20 1.718
2019 6 18 0 11 48.830 104.786361 28.415383 1.90 3.033
2019 6 18 0 12 35.380 104.766130 28.412321 1.70 0.752
2019 6 18 0 13 29.230 104.853532 28.386393 1.70 3.020
2019 6 18 0 17 58.770 104.881104 28.371122 1.60 2.002
2019 6 18 0 18 34.880 104.856877 28.377464 2.30 2.915
2019 6 18 0 20 3.470 104.852629 28.379624 2.70 1.653
2019 6 18 0 22 22.050 104.852279 28.378707 1.70 3.772
2019 6 18 0 23 46.260 104.821785 28.390944 2.00 1.685
2019 6 18 0 25 9.630 104.832959 28.391654 1.70 1.074
2019 6 18 0 29 7.950 104.844808 28.389537 4.50 1.825
2019 6 18 0 32 15.170 104.896541 28.368134 1.60 1.425
2019 6 18 0 33 18.710 104.776644 28.414653 2.90 2.553
2019 6 18 0 33 54.770 104.770223 28.419071 2.20 5.193
2019 6 18 0 35 48.910 104.852100 28.391099 2.00 5.127
2019 6 18 0 37 55.500 104.873690 28.386336 4.60 5.495
2019 6 18 0 42 2.300 104.810400 28.398781 2.10 1.476
2019 6 18 0 42 17.020 104.821330 28.390171 2.10 1.201
2019 6 18 0 44 38.130 104.765910 28.431761 2.70 3.384
2019 6 18 0 48 7.580 104.767065 28.431183 2.00 2.495
2019 6 18 0 50 36.540 104.862500 28.381065 1.60 1.693
2019 6 18 0 51 43.830 104.783732 28.420508 2.30 4.401
2019 6 18 0 52 12.030 104.829972 28.391386 1.70 0.589
2019 6 18 0 52 57.110 104.906185 28.355180 2.00 1.406
2019 6 18 0 54 21.670 104.822835 28.392055 2.70 1.702
2019 6 18 0 56 32.630 104.910864 28.343608 1.90 0.416
2019 6 18 0 59 1.420 104.750220 28.441189 2.00 4.533
2019 6 18 0 59 56.240 104.832804 28.390261 2.90 2.257
2019 6 18 1 1 6.750 104.759920 28.427913 1.80 1.563
2019 6 18 1 1 25.160 104.793449 28.399744 3.70 2.998
2019 6 18 1 5 26.200 104.892017 28.375596 2.40 1.957
2019 6 18 1 8 20.360 104.774748 28.413737 2.20 2.765
2019 6 18 1 10 38.470 104.819873 28.396226 3.30 4.008
2019 6 18 1 12 47.120 104.840934 28.387783 2.50 1.635
2019 6 18 1 14 33.170 104.895475 28.374656 1.60 4.422
2019 6 18 1 15 41.770 104.790731 28.424363 3.40 3.664
2019 6 18 1 21 8.300 104.785775 28.420762 1.70 1.217
2019 6 18 1 25 48.580 104.800228 28.409084 1.70 8.434
2019 6 18 1 28 10.050 104.789917 28.408264 2.50 2.869
2019 6 18 1 31 27.120 104.873706 28.372978 1.80 1.296
2019 6 18 1 33 15.530 104.820654 28.392633 1.90 1.611
2019 6 18 1 34 48.870 104.892277 28.365157 1.70 1.550
2019 6 18 1 36 39.470 104.773861 28.422174 1.80 5.260
2019 6 18 1 38 7.750 104.796794 28.415196 3.20 1.050
2019 6 18 1 42 36.310 104.807666 28.401298 1.70 1.123
2019 6 18 1 45 37.120 104.849618 28.383447 1.70 3.113
2019 6 18 1 50 43.110 104.824113 28.395186 2.50 0.894
2019 6 18 1 55 42.860 104.817407 28.396106 2.00 3.899
2019 6 18 1 57 15.350 104.873787 28.362602 2.40 2.685
2019 6 18 1 58 15.740 104.775358 28.410565 1.60 3.881
2019 6 18 2 9 23.550 104.795239 28.418146 1.60 1.114
2019 6 18 2 12 21.990 104.787638 28.422198 1.80 2.407
2019 6 18 2 13 27.770 104.847217 28.375067 2.30 4.100
2019 6 18 2 15 3.050 104.866333 28.363566 1.90 1.582
2019 6 18 2 18 36.640 104.890438 28.358655 2.80 3.096
2019 6 18 2 19 18.860 104.798592 28.406616 2.90 5.559
2019 6 18 2 24 15.110 104.869556 28.366608 1.80 1.369
2019 6 18 2 27 52.520 104.817692 28.398761 1.80 1.546
2019 6 18 2 29 17.250 104.873307 28.370872 1.80 1.861
2019 6 18 2 31 21.210 104.782406 28.409285 2.00 1.227
2019 6 18 2 34 38.500 104.870288 28.368465 2.60 1.764
2019 6 18 2 39 45.870 104.850675 28.380957 2.40 2.579
2019 6 18 2 41 59.250 104.861450 28.379765 1.80 3.020
2019 6 18 2 42 37.540 104.879696 28.374449 2.10 2.020
2019 6 18 2 45 40.150 104.856567 28.385282 2.20 3.119
2019 6 18 2 46 32.900 104.797493 28.415318 1.70 1.150
2019 6 18 2 53 58.510 104.807682 28.394753 2.20 2.219
2019 6 18 2 58 18.620 104.811279 28.399312 3.70 5.649
2019 6 18 2 59 54.080 104.822965 28.387909 2.40 1.247
2019 6 18 3 2 22.900 104.779720 28.410828 2.20 1.010
2019 6 18 3 3 30.270 104.886776 28.345683 1.60 1.983
2019 6 18 3 4 9.680 104.858724 28.372296 2.90 2.399
2019 6 18 3 8 31.170 104.861336 28.371016 3.20 2.323
2019 6 18 3 12 2.430 104.858097 28.378766 1.60 2.076
2019 6 18 3 12 45.470 104.888021 28.335085 1.90 2.062
2019 6 18 3 12 51.870 104.780908 28.410588 2.10 4.306
2019 6 18 3 14 28.340 104.867603 28.390055 1.80 2.462
2019 6 18 3 20 0.070 104.856632 28.376908 1.70 1.599
2019 6 18 3 22 32.860 104.826937 28.394208 2.60 2.684
2019 6 18 3 24 22.900 104.823934 28.385862 1.60 2.805
2019 6 18 3 25 11.850 104.792399 28.399811 1.80 2.479
2019 6 18 3 28 7.130 104.757536 28.424239 1.60 8.279
2019 6 18 3 32 40.620 104.764535 28.420467 2.50 5.819
2019 6 18 3 36 24.680 104.850228 28.355363 2.00 2.451
2019 6 18 3 43 34.490 104.862215 28.378072 1.60 3.052
2019 6 18 3 48 9.610 104.907650 28.360990 1.70 2.905
2019 6 18 3 50 22.710 104.789535 28.416929 1.70 3.912
2019 6 18 3 51 58.280 104.858569 28.379976 1.70 2.958
2019 6 18 3 57 2.070 104.779508 28.411072 2.80 3.870
2019 6 18 4 4 29.590 104.857463 28.378764 3.50 4.598
2019 6 18 4 11 8.430 104.750968 28.419509 4.00 8.816
2019 6 18 4 13 53.860 104.881413 28.370813 3.40 1.705
2019 6 18 4 14 56.580 104.847225 28.386631 2.20 2.605
2019 6 18 4 31 52.620 104.778198 28.415013 2.10 5.196
2019 6 18 4 33 36.870 104.856453 28.372709 2.90 3.364
2019 6 18 4 37 42.120 104.888045 28.321104 2.70 1.253
2019 6 18 4 39 41.390 104.824715 28.392900 1.60 1.477
2019 6 18 4 43 16.500 104.858415 28.376115 2.30 3.571
2019 6 18 4 50 18.650 104.934847 28.345825 1.80 1.693
2019 6 18 4 53 34.720 104.767358 28.417542 2.00 5.669
2019 6 18 4 55 41.880 104.765169 28.423161 1.70 1.103
2019 6 18 4 57 15.350 104.773136 28.424847 1.70 1.976
2019 6 18 4 58 54.990 104.852645 28.376705 1.70 1.708
2019 6 18 4 59 53.580 104.824308 28.394704 2.00 0.205
2019 6 18 5 3 25.770 104.857381 28.379331 4.70 6.821
2019 6 18 5 4 3.320 104.801636 28.413206 4.00 1.798
2019 6 18 5 4 51.630 104.867537 28.379726 2.30 2.911
2019 6 18 5 6 52.870 104.799316 28.415540 1.80 0.929
2019 6 18 5 8 42.200 104.766121 28.424858 2.90 4.065
2019 6 18 5 12 53.650 104.801123 28.414083 2.20 0.702
2019 6 18 5 12 58.610 104.754028 28.435819 2.30 6.813
2019 6 18 5 13 34.640 104.866146 28.369580 1.60 1.817
2019 6 18 5 14 21.350 104.884294 28.376414 1.90 1.264
2019 6 18 5 16 5.610 104.863208 28.374752 2.50 3.815
2019 6 18 5 17 26.640 104.785303 28.404669 2.70 2.748
2019 6 18 5 17 43.660 104.874398 28.366654 2.70 1.047
2019 6 18 5 23 27.890 104.794808 28.411648 1.90 1.139
2019 6 18 5 24 47.850 104.862996 28.401186 1.60 2.068
2019 6 18 5 25 43.640 104.839762 28.397668 2.20 1.764
2019 6 18 5 32 14.820 104.782747 28.407692 2.60 5.322
2019 6 18 5 40 39.500 104.879997 28.374343 1.60 1.863
2019 6 18 5 49 15.150 104.807007 28.399711 4.20 7.007
2019 6 18 5 52 26.210 104.810278 28.401717 2.00 4.161
2019 6 18 6 4 34.660 104.796248 28.415983 2.90 6.298
2019 6 18 6 12 47.290 104.788843 28.417226 1.60 1.019
2019 6 18 6 13 19.260 104.776864 28.418398 1.90 1.296
2019 6 18 6 18 44.000 104.795044 28.411501 2.00 1.520
2019 6 18 6 22 25.080 104.791829 28.411145 2.00 5.315
2019 6 18 6 35 2.250 104.816414 28.401078 2.80 3.179
2019 6 18 6 57 43.720 104.867871 28.368483 2.20 1.676
2019 6 18 6 58 11.630 104.874194 28.366164 2.40 3.963
2019 6 18 7 3 52.470 104.790698 28.408101 2.60 4.393
2019 6 18 7 7 6.720 104.775806 28.412911 2.10 6.074
2019 6 18 7 7 43.850 104.802791 28.403864 1.90 6.674
2019 6 18 7 24 3.380 104.825163 28.395903 2.40 2.043
2019 6 18 7 27 15.550 104.802336 28.414876 2.10 0.331
2019 6 18 7 28 21.210 104.767773 28.428971 2.00 1.288
2019 6 18 7 29 32.150 104.873747 28.370880 2.60 3.111
2019 6 18 7 34 33.500 104.869320 28.367822 5.40 3.333
2019 6 18 7 41 32.620 104.846785 28.382292 1.80 1.298
2019 6 18 7 46 19.450 104.874072 28.368772 2.10 2.436
2019 6 18 7 55 47.060 104.793595 28.425816 2.60 2.348
2019 6 18 8 1 8.020 104.857894 28.369206 2.80 1.513
2019 6 18 8 6 25.650 104.852987 28.378888 2.40 1.580
2019 6 18 8 14 52.890 104.798926 28.413894 4.00 4.494
2019 6 18 8 37 50.000 104.794303 28.405253 1.90 1.437
2019 6 18 8 39 55.260 104.867961 28.362396 3.50 2.455
2019 6 18 8 58 36.280 104.864030 28.375480 2.70 3.049
2019 6 18 9 0 16.100 104.843815 28.376622 2.60 1.367
2019 6 18 9 2 39.720 104.759937 28.418408 1.70 1.356
2019 6 18 9 4 26.610 104.865161 28.377563 1.80 2.271
2019 6 18 9 8 27.260 104.810750 28.402490 2.50 1.036
2019 6 18 9 8 55.990 104.773372 28.407125 1.90 4.471
2019 6 18 9 9 28.020 104.760368 28.418414 1.80 6.661
2019 6 18 9 13 27.210 104.808651 28.410105 2.30 0.609
2019 6 18 9 33 55.610 104.759880 28.429631 1.70 2.754
2019 6 18 9 35 4.580 104.846403 28.397115 2.30 4.237
2019 6 18 9 35 30.720 104.793880 28.425330 2.00 4.796
2019 6 18 9 35 46.250 104.867765 28.372870 1.80 3.111
2019 6 18 9 44 8.050 104.807910 28.404557 1.60 0.973
2019 6 18 10 20 14.640 104.745443 28.428265 2.30 7.502
2019 6 18 10 53 5.690 104.886353 28.333136 2.60 2.329
2019 6 18 11 0 50.610 104.880591 28.372514 2.50 1.113
2019 6 18 11 5 45.120 104.859839 28.398486 1.60 2.921
2019 6 18 11 12 42.900 104.806771 28.412384 1.90 2.153
2019 6 18 11 28 44.720 104.787451 28.415194 1.80 0.594
2019 6 18 11 33 45.410 104.876009 28.364168 1.90 1.608
2019 6 18 11 43 52.910 104.858097 28.342875 2.00 7.357
2019 6 18 11 56 53.750 104.834123 28.399327 1.60 2.030
2019 6 18 11 57 37.420 104.788403 28.422677 1.80 1.656
2019 6 18 12 0 23.160 104.789559 28.405605 2.50 3.017
2019 6 18 12 5 51.030 104.820964 28.402525 1.60 1.043
2019 6 18 12 9 2.110 104.788175 28.407992 2.10 1.919
2019 6 18 12 17 14.390 104.772388 28.408610 1.90 2.458
2019 6 18 12 18 59.230 104.784359 28.411294 2.30 2.805
2019 6 18 12 22 44.240 104.825480 28.392200 3.10 4.759
2019 6 18 12 25 20.070 104.771737 28.421281 1.60 4.491
2019 6 18 12 26 45.900 104.785954 28.409009 1.70 2.581
2019 6 18 12 31 1.830 104.785563 28.420935 1.60 0.707
2019 6 18 13 16 10.490 104.785278 28.409619 2.60 1.927
2019 6 18 13 17 22.120 104.764396 28.424042 2.90 2.470
2019 6 18 13 23 0.950 104.763574 28.424648 2.30 2.249
2019 6 18 13 23 42.570 104.788159 28.413202 3.80 7.766
2019 6 18 13 24 57.350 104.844564 28.392660 2.50 0.709
2019 6 18 13 26 27.750 104.807601 28.389663 1.80 9.375
2019 6 18 13 30 20.270 104.783423 28.413440 1.70 0.781
2019 6 18 13 30 47.520 104.795410 28.403945 1.90 2.071
2019 6 18 13 31 49.560 104.786702 28.410447 2.10 1.364
2019 6 18 13 38 15.900 104.837321 28.378864 1.70 1.319
2019 6 18 13 39 38.740 104.756917 28.421429 2.60 1.980
2019 6 18 14 7 50.110 104.830542 28.388578 3.10 1.744
2019 6 18 14 9 33.660 104.780135 28.414561 2.80 6.839
2019 6 18 14 18 39.100 104.753410 28.420050 2.20 3.751
2019 6 18 14 26 53.460 104.763094 28.427010 2.10 4.974
2019 6 18 14 38 36.260 104.743563 28.429775 4.10 9.144
2019 6 18 14 45 45.110 104.868416 28.364624 2.20 1.942
2019 6 18 14 55 59.080 104.780575 28.409863 1.90 2.181
2019 6 18 15 4 37.480 104.920516 28.342924 1.90 0.458
2019 6 18 15 18 36.960 104.880623 28.354197 1.80 0.989
2019 6 18 15 37 12.760 104.756429 28.433730 2.40 2.549
2019 6 18 15 40 8.650 104.916528 28.362600 2.10 0.445
2019 6 18 15 40 28.520 104.825586 28.391756 2.20 1.013
2019 6 18 15 47 21.950 104.785490 28.411003 2.00 1.828
2019 6 18 16 13 24.290 104.939673 28.192883 2.10 1.802
2019 6 18 16 20 8.020 104.870158 28.366764 1.90 1.312
2019 6 18 16 33 6.560 104.858423 28.391929 2.90 1.792
2019 6 18 16 43 19.650 104.791292 28.407385 1.80 2.806
2019 6 18 16 44 29.190 104.778052 28.420003 1.60 3.399
2019 6 18 17 2 38.120 104.854020 28.390812 2.30 1.814
2019 6 18 17 6 5.160 104.838403 28.393321 1.70 7.611
2019 6 18 17 12 16.520 104.911426 28.344135 2.00 2.554
2019 6 18 17 19 19.460 104.880444 28.375771 2.00 1.910
2019 6 18 17 34 50.720 104.877466 28.194318 2.40 3.478
2019 6 18 18 2 16.000 104.876546 28.361283 1.60 2.245
2019 6 18 18 9 59.840 104.776774 28.423922 3.20 3.599
2019 6 18 18 33 15.440 104.772445 28.417847 1.70 6.157
2019 6 18 18 37 4.400 104.771118 28.412528 2.30 6.941
2019 6 18 18 45 48.720 104.832007 28.404808 1.80 3.915
2019 6 18 18 53 58.680 104.857479 28.386623 3.70 3.020
2019 6 18 18 59 2.780 104.916707 28.352106 2.90 2.252
2019 6 18 19 12 10.560 104.882170 28.365302 3.10 1.287
2019 6 18 19 24 1.280 104.870435 28.374436 1.70 1.521
2019 6 18 19 54 48.760 104.764323 28.412484 2.80 4.003
2019 6 18 19 58 54.120 104.758187 28.419090 1.80 3.305
2019 6 18 20 24 54.160 104.768457 28.413208 2.00 2.386
2019 6 18 20 33 58.340 104.788306 28.422485 2.30 0.963
2019 6 18 20 37 26.600 104.890983 28.341744 1.70 3.949
2019 6 18 20 38 11.080 104.891797 28.343319 1.80 5.501
2019 6 18 21 0 4.280 104.786776 28.426742 1.60 1.138
2019 6 18 21 6 54.680 104.785938 28.410266 1.60 5.376
2019 6 18 21 20 55.800 104.870117 28.356150 1.90 3.293
2019 6 18 21 48 13.240 104.815145 28.399815 1.60 1.645
2019 6 18 22 15 2.280 104.810360 28.395614 1.80 5.298
2019 6 18 22 28 35.280 104.831185 28.392336 2.00 2.042
2019 6 18 23 24 30.880 104.811727 28.406848 2.20 1.874
2019 6 18 23 48 55.220 104.777124 28.422595 2.50 1.796
2019 6 19 0 34 24.990 104.793245 28.414329 1.90 4.058
2019 6 19 0 38 9.030 104.755745 28.436401 1.70 2.094
2019 6 19 1 8 21.960 104.778678 28.412758 2.30 3.315
2019 6 19 2 3 16.810 104.894417 28.332430 1.80 1.887
2019 6 19 2 9 28.870 104.787256 28.410146 1.80 2.712
2019 6 19 2 36 1.680 104.776864 28.411159 2.40 3.482
2019 6 19 2 38 15.730 104.869987 28.363243 2.30 3.304
2019 6 19 2 38 57.950 104.796452 28.408732 2.30 1.907
2019 6 19 2 52 39.550 104.830615 28.401170 1.90 1.885
2019 6 19 2 52 54.380 104.831095 28.402539 2.10 1.898
2019 6 19 2 55 48.320 104.801375 28.416667 2.00 2.140
2019 6 19 2 56 10.970 104.804761 28.416876 1.70 1.555
2019 6 19 2 56 34.110 104.730387 28.445054 2.00 8.111
2019 6 19 3 2 43.900 104.824910 28.392989 3.50 4.527
2019 6 19 3 10 13.020 104.780770 28.417800 1.70 6.931
2019 6 19 3 10 28.720 104.872477 28.368561 1.70 0.609
2019 6 19 3 23 24.730 104.855868 28.392784 2.30 1.633
2019 6 19 3 25 29.970 104.824935 28.398295 3.60 3.755
2019 6 19 3 26 59.530 104.821989 28.397827 1.80 2.096
2019 6 19 3 28 52.610 104.831624 28.390426 2.20 0.487
2019 6 19 3 33 17.830 104.784147 28.410093 2.00 2.287
2019 6 19 4 0 42.530 104.783708 28.412122 1.60 1.333
2019 6 19 4 27 50.830 104.785221 28.415354 1.60 4.884
2019 6 19 4 39 14.360 104.885864 28.381439 3.50 1.926
2019 6 19 5 35 5.850 104.850399 28.386739 2.40 2.309
2019 6 19 5 53 18.120 104.925993 28.338224 1.70 1.572
2019 6 19 6 1 22.620 104.790983 28.415306 1.60 2.591
2019 6 19 6 44 7.140 104.786410 28.413454 2.50 3.941
2019 6 19 7 14 57.010 104.854256 28.391032 2.30 5.831
2019 6 19 8 51 10.880 104.869116 28.368964 3.30 3.005
2019 6 19 9 23 0.450 104.790397 28.412754 2.10 1.361
2019 6 19 9 57 8.890 104.822811 28.393646 2.70 1.812
2019 6 19 10 5 19.530 104.769816 28.424221 3.00 4.138
2019 6 19 10 25 45.710 104.816577 28.396167 2.00 1.442
2019 6 19 10 26 0.520 104.819881 28.395679 2.70 1.017
2019 6 19 11 9 41.580 104.774097 28.419088 2.40 2.296
2019 6 19 11 10 39.200 104.825952 28.400832 2.00 1.233
2019 6 19 11 11 48.240 104.884009 28.347038 1.60 3.235
2019 6 19 11 54 27.220 104.770850 28.419541 2.90 2.754
2019 6 19 12 12 1.330 104.844548 28.380367 2.40 3.520
2019 6 19 12 58 10.660 104.832039 28.392635 1.60 2.948
2019 6 19 13 14 32.330 104.864665 28.378485 2.30 1.593
2019 6 19 13 32 42.980 104.781071 28.413448 3.10 7.589
2019 6 19 13 57 13.380 104.762720 28.413385 3.40 5.120
2019 6 19 16 10 36.600 104.835579 28.389435 2.10 5.525
2019 6 19 16 20 18.810 104.819100 28.397589 2.00 2.593
2019 6 19 16 29 36.410 104.772762 28.428133 2.20 6.348
2019 6 19 16 30 56.730 104.769613 28.418815 1.90 6.469
2019 6 19 17 4 5.680 104.777580 28.413263 1.70 0.472
2019 6 19 18 22 32.020 104.750008 28.428135 2.20 6.492
2019 6 19 19 0 31.000 104.791024 28.407190 2.70 1.949
2019 6 19 19 12 44.640 104.818856 28.391097 2.40 2.543
2019 6 19 19 35 16.080 104.764209 28.413617 1.60 2.289
2019 6 19 20 1 47.000 104.784359 28.413664 1.90 2.036
2019 6 19 20 8 19.800 104.790861 28.424860 1.60 1.513
2019 6 19 20 9 45.880 104.783724 28.412545 1.60 1.700
2019 6 19 20 35 50.860 104.882520 28.358956 1.80 3.321
2019 6 19 20 37 34.440 104.894271 28.333547 2.60 1.321
2019 6 19 20 49 7.560 104.769214 28.417267 1.80 5.458
2019 6 19 20 52 8.460 104.777824 28.411735 1.60 0.891
2019 6 19 21 10 17.040 104.815088 28.395520 2.20 1.834
2019 6 19 21 38 32.120 104.797689 28.414543 1.60 0.723
2019 6 19 21 38 57.500 104.782528 28.413377 1.80 1.773
2019 6 19 21 41 52.920 104.786678 28.412673 1.70 3.865
2019 6 19 22 38 46.720 104.744434 28.423244 1.70 8.169
2019 6 19 22 59 18.720 104.780143 28.416298 1.70 6.122
2019 6 19 23 4 23.300 104.909432 28.354165 1.70 1.181
2019 6 19 23 22 38.760 104.760262 28.431854 1.70 4.410
2019 6 19 23 36 22.960 104.790251 28.408234 1.80 1.614
2019 6 19 23 37 34.660 104.793359 28.405330 2.10 2.346
2019 6 19 23 39 13.480 104.827799 28.397396 1.70 0.620
2019 6 19 23 47 46.340 104.823893 28.395772 1.80 2.286
2019 6 20 0 1 21.660 104.791423 28.428131 1.80 1.914
2019 6 20 0 58 25.470 104.777214 28.426715 2.30 1.821
2019 6 20 1 17 54.590 104.909098 28.351428 2.70 1.688
2019 6 20 1 22 27.960 104.751563 28.428674 2.00 3.694
2019 6 20 1 30 20.610 104.740015 28.427808 3.00 9.627
2019 6 20 1 44 32.350 104.762199 28.413359 3.80 4.253
2019 6 20 1 50 34.530 104.762996 28.418235 1.60 1.747
2019 6 20 2 11 55.580 104.832194 28.401591 2.90 2.956
2019 6 20 2 13 7.650 104.879875 28.389016 2.00 2.426
2019 6 20 2 28 36.660 104.770459 28.409926 2.00 2.159
2019 6 20 2 31 24.980 104.825326 28.390122 1.80 1.035
2019 6 20 2 55 45.940 104.783936 28.407239 2.40 2.796
2019 6 20 2 57 49.820 104.776855 28.410960 2.30 5.729
2019 6 20 3 35 26.100 104.782072 28.414335 2.40 7.459
2019 6 20 3 40 47.790 104.743050 28.430918 2.80 9.375
2019 6 20 3 55 31.830 104.755477 28.425291 3.40 5.567
2019 6 20 4 2 31.300 104.788208 28.403831 1.70 2.054
2019 6 20 5 4 34.640 104.776367 28.414016 2.00 3.522
2019 6 20 5 36 30.650 104.749813 28.425332 1.60 6.973
2019 6 20 5 41 7.960 104.827026 28.390308 1.90 1.931
2019 6 20 6 2 38.660 104.775732 28.410636 2.00 4.854
2019 6 20 6 26 29.900 104.913232 28.357806 2.00 1.169
2019 6 20 6 54 12.850 104.740299 28.429038 1.90 8.510
2019 6 20 7 20 58.020 104.875366 28.368862 1.80 2.306
2019 6 20 7 40 39.190 104.876074 28.370081 1.90 2.613
2019 6 20 9 2 49.990 104.869873 28.368237 1.70 0.829
2019 6 20 9 21 56.490 104.780127 28.407066 3.10 3.917
2019 6 20 10 2 6.590 104.765397 28.413348 2.60 2.031
2019 6 20 10 55 52.240 104.827425 28.389341 3.60 3.311
2019 6 20 11 6 36.900 104.753320 28.423517 2.20 3.066
2019 6 20 11 10 24.290 104.786304 28.407961 2.40 5.615
2019 6 20 11 15 14.240 104.758097 28.422721 2.20 5.317
2019 6 20 11 21 1.030 104.777287 28.412907 1.60 5.941
2019 6 20 11 22 22.330 104.786255 28.410400 1.90 6.876
2019 6 20 11 36 14.660 104.868864 28.359096 1.80 0.984
2019 6 20 11 57 36.420 104.771037 28.413308 1.80 5.393
2019 6 20 12 3 22.300 104.802108 28.384648 1.80 4.047
2019 6 20 12 4 16.450 104.750895 28.423944 2.00 3.579
2019 6 20 12 16 35.090 104.762004 28.416323 1.60 6.060
2019 6 20 12 35 59.560 104.748332 28.424392 2.10 7.379
2019 6 20 12 46 7.820 104.755436 28.424019 3.30 5.098
2019 6 20 12 47 41.550 104.756657 28.423779 1.90 0.066
2019 6 20 12 49 10.400 104.752938 28.424351 2.50 5.805
2019 6 20 12 49 37.280 104.756453 28.423895 2.00 1.292
2019 6 20 12 56 57.450 104.757080 28.418797 2.30 2.952
2019 6 20 13 0 33.150 104.767757 28.423901 1.60 1.624
2019 6 20 13 17 12.550 104.759530 28.418062 3.70 3.979
2019 6 20 13 19 52.470 104.753060 28.425614 1.70 1.559
2019 6 20 13 34 31.100 104.780339 28.406805 1.60 1.382
2019 6 20 13 36 16.770 104.775724 28.419043 1.80 1.732
2019 6 20 13 37 58.490 104.771509 28.426160 2.00 1.938
2019 6 20 14 28 59.270 104.748877 28.424917 3.70 7.661
2019 6 20 14 45 25.650 104.763053 28.408256 1.80 4.539
2019 6 20 14 52 0.290 104.776839 28.416176 2.70 3.895
2019 6 20 14 54 15.020 104.758870 28.420622 1.60 2.438
2019 6 20 15 17 29.630 104.787044 28.407487 1.60 1.698
2019 6 20 15 21 37.850 104.934359 28.229445 2.10 3.584
2019 6 20 15 21 48.780 104.790706 28.404472 2.30 3.604
2019 6 20 15 22 10.820 104.786580 28.405794 1.70 4.256
2019 6 20 15 53 35.780 104.783797 28.409900 1.60 5.959
2019 6 20 16 1 12.740 104.767277 28.416874 2.10 2.680
2019 6 20 16 39 39.550 104.759945 28.413942 2.40 4.013
2019 6 20 16 53 59.670 104.775610 28.409827 2.90 4.456
2019 6 20 17 11 22.960 104.784619 28.417157 1.90 6.670
2019 6 20 17 11 48.840 104.812378 28.399426 2.00 0.465
2019 6 20 17 16 2.400 104.753239 28.422461 1.80 1.791
2019 6 20 17 23 1.040 104.751864 28.425478 1.60 1.571
2019 6 20 18 6 21.980 104.767318 28.412734 1.90 3.442
2019 6 20 18 7 52.580 104.770898 28.408728 1.60 5.621
2019 6 20 18 19 19.520 104.766943 28.421234 1.60 0.938
2019 6 20 18 44 46.600 104.766829 28.413104 1.70 1.892
2019 6 20 19 4 52.600 104.753019 28.431460 3.30 4.769
2019 6 20 19 18 16.360 104.776457 28.405662 2.60 1.976
2019 6 20 19 23 39.200 104.862402 28.395170 2.60 2.846
2019 6 20 19 29 55.120 104.835596 28.383828 2.20 3.144
2019 6 20 19 48 50.280 104.784139 28.404277 2.30 1.996
2019 6 20 19 57 33.580 104.780485 28.408785 3.40 3.704
2019 6 20 20 5 48.920 104.760864 28.411871 2.00 4.501
2019 6 20 20 39 3.800 104.765243 28.410992 1.60 4.777
2019 6 20 20 58 45.840 104.741398 28.425952 4.00 10.277
2019 6 20 21 8 16.720 104.884408 28.339237 1.60 3.345
2019 6 20 21 8 43.900 104.878524 28.365415 1.60 3.538
2019 6 20 21 13 18.920 104.758244 28.414939 2.50 3.428
2019 6 20 21 14 47.900 104.781396 28.423511 1.60 2.043
2019 6 20 21 15 11.420 104.744491 28.426282 2.00 4.243
2019 6 20 21 21 8.240 104.769271 28.412750 2.40 1.919
2019 6 20 21 21 49.580 104.769580 28.417074 2.40 1.134
2019 6 20 21 22 49.320 104.938078 28.344191 2.20 1.115
2019 6 20 21 50 16.120 104.770874 28.410661 3.00 3.662
2019 6 20 21 51 55.240 104.768270 28.414634 2.00 4.243
2019 6 20 22 1 17.080 104.763468 28.410547 4.20 1.838
2019 6 20 22 20 35.120 104.762956 28.412826 2.30 5.748
2019 6 20 22 22 1.280 104.772949 28.407353 2.60 1.831
2019 6 20 22 25 31.240 104.771704 28.413188 2.30 7.012
2019 6 20 22 48 13.860 104.763607 28.407558 2.30 3.348
2019 6 20 23 10 31.620 104.771549 28.412366 2.10 2.205
2019 6 20 23 24 31.720 104.778939 28.407621 1.70 1.720
2019 6 20 23 34 50.820 104.826066 28.393650 1.90 1.864
2019 6 20 23 38 29.120 104.773560 28.410266 1.70 1.728
2019 6 21 0 4 57.020 104.770239 28.411208 1.80 4.944
2019 6 21 0 8 54.950 104.771606 28.409497 1.70 5.308
2019 6 21 0 12 26.970 104.802010 28.402993 2.40 6.368
2019 6 21 0 35 44.500 104.769588 28.413310 1.80 6.076
2019 6 21 1 12 46.440 104.777401 28.406492 1.80 2.923
2019 6 21 1 19 16.720 104.776066 28.409436 2.70 3.792
2019 6 21 1 34 3.770 104.775529 28.409562 2.70 3.941
2019 6 21 1 39 12.210 104.774032 28.414020 2.50 8.068
2019 6 21 1 55 42.290 104.885815 28.366121 1.70 2.026
2019 6 21 2 3 2.680 104.879370 28.369891 2.30 2.621
2019 6 21 2 25 44.270 104.755518 28.414984 1.60 2.082
2019 6 21 2 28 41.150 104.791040 28.430998 2.50 6.359
2019 6 21 2 41 3.290 104.757731 28.421271 2.40 4.503
2019 6 21 2 42 59.030 104.769312 28.419958 1.70 1.667
2019 6 21 3 24 50.190 104.797266 28.431573 3.40 5.517
2019 6 21 3 28 54.770 104.797941 28.429134 3.50 6.568
2019 6 21 3 33 13.610 104.784277 28.413674 1.70 2.517
2019 6 21 3 55 41.850 104.744132 28.422729 2.30 8.040
2019 6 21 3 56 40.350 104.923096 28.347186 2.40 2.423
2019 6 21 4 4 6.590 104.758203 28.413708 2.20 3.522
2019 6 21 4 11 57.540 104.785026 28.403084 2.30 1.840
2019 6 21 4 13 19.960 104.758797 28.409178 2.10 3.739
2019 6 21 4 17 22.560 104.791772 28.422583 3.20 3.592
2019 6 21 4 22 12.130 104.763159 28.409515 2.20 2.984
2019 6 21 5 24 20.490 104.917765 28.350722 1.90 0.992
2019 6 21 5 28 36.690 104.922445 28.345300 1.70 1.318
2019 6 21 5 33 39.280 104.889551 28.316284 2.40 0.685
2019 6 21 6 11 52.000 104.828361 28.391954 2.90 3.585
2019 6 21 6 27 11.750 104.769206 28.427785 1.70 1.432
2019 6 21 6 40 10.550 104.776424 28.414821 2.50 3.913
2019 6 21 6 48 22.570 104.774162 28.406734 2.70 3.083
2019 6 21 6 49 20.300 104.770858 28.410606 1.90 1.215
2019 6 21 6 56 49.580 104.786287 28.421714 3.80 3.968
2019 6 21 7 5 35.710 104.787712 28.409678 1.60 5.796
2019 6 21 7 19 31.340 104.776937 28.412081 2.10 1.916
2019 6 21 7 23 57.780 104.754622 28.403552 2.10 4.248
2019 6 21 7 44 56.740 104.746118 28.415328 2.20 6.612
2019 6 21 8 9 57.130 104.846981 28.389966 1.60 1.295
2019 6 21 8 52 22.440 104.791740 28.417753 1.60 2.655
2019 6 21 8 57 18.080 104.749194 28.416797 1.70 6.186
2019 6 21 9 54 44.530 104.784806 28.406537 3.20 2.521
2019 6 21 10 1 36.520 104.783740 28.412708 3.70 8.421
2019 6 21 10 35 18.870 104.775814 28.413965 1.80 2.916
2019 6 21 10 42 46.690 104.737533 28.438611 1.60 6.571
2019 6 21 10 45 28.850 104.751009 28.423372 2.00 6.657
2019 6 21 11 6 14.000 104.751823 28.423161 1.70 6.654
2019 6 21 11 34 34.260 104.763664 28.434987 1.90 5.333
2019 6 21 13 17 48.830 104.749504 28.434145 2.40 2.722
2019 6 21 13 30 34.250 104.892627 28.325252 1.70 1.191
2019 6 21 14 29 25.100 104.792570 28.404067 2.40 2.987
2019 6 21 14 47 26.200 104.768229 28.413751 1.90 6.067
2019 6 21 14 51 51.290 104.848511 28.378607 1.60 1.518
2019 6 21 15 9 56.090 104.770378 28.426438 4.00 5.985
2019 6 21 15 15 7.260 104.771899 28.420654 2.60 1.879
2019 6 21 16 47 42.470 104.769897 28.413118 2.10 6.366
2019 6 21 17 16 20.680 104.861743 28.381632 1.90 3.006
2019 6 21 17 29 13.540 104.780005 28.391628 1.70 3.993
2019 6 21 17 58 56.800 104.838843 28.388759 1.60 1.821
2019 6 21 18 29 37.680 104.763550 28.415605 1.90 1.323
2019 6 21 18 56 28.320 104.774642 28.405064 1.70 0.419
2019 6 21 20 27 10.040 104.768335 28.429759 1.60 6.209
2019 6 21 20 57 55.080 104.775008 28.407281 2.10 2.063
2019 6 21 20 58 42.280 104.775407 28.406366 2.40 2.389
2019 6 21 21 25 55.400 104.785238 28.427386 1.80 0.526
2019 6 21 21 28 35.600 104.786182 28.415257 1.90 2.844
2019 6 21 21 35 3.740 104.807471 28.397994 2.60 3.824
2019 6 21 22 7 16.800 104.874259 28.369558 2.80 4.226
2019 6 21 22 30 22.800 104.769385 28.412295 1.80 6.996
2019 6 21 22 39 43.720 104.744645 28.423757 2.00 7.974
2019 6 21 23 12 52.340 104.802555 28.412268 2.50 2.811
2019 6 21 23 56 11.800 104.746232 28.422658 1.60 7.776
2019 6 21 23 57 16.340 104.745679 28.172239 1.80 1.603
2019 6 22 0 42 51.600 104.758423 28.414372 2.50 4.429
2019 6 22 0 49 47.970 104.773185 28.416262 2.20 5.794
2019 6 22 0 51 19.190 104.776709 28.413216 1.90 6.616
2019 6 22 1 2 10.300 104.758049 28.412059 2.10 3.959
2019 6 22 1 5 49.600 104.808659 28.400704 1.70 1.545
2019 6 22 1 15 28.070 104.769507 28.411741 1.90 6.720
2019 6 22 1 17 33.600 104.775993 28.406757 1.80 2.676
2019 6 22 1 21 56.580 104.752726 28.421564 1.70 6.346
2019 6 22 1 42 23.230 104.763574 28.408785 1.70 2.600
2019 6 22 2 5 25.870 104.907861 28.347705 2.20 1.841
2019 6 22 2 35 25.670 104.742513 28.426477 2.40 7.384
2019 6 22 3 0 31.920 104.807194 28.408946 1.80 1.927
2019 6 22 3 5 8.080 104.886890 28.330412 1.80 1.949
2019 6 22 3 41 46.100 104.806217 28.405003 1.80 2.253
2019 6 22 3 51 27.420 104.770418 28.408929 1.70 6.269
2019 6 22 4 5 59.920 104.789144 28.413411 1.60 1.488
2019 6 22 4 9 55.160 104.784847 28.421706 3.40 3.836
2019 6 22 4 17 21.850 104.764380 28.429163 2.00 1.770
2019 6 22 5 4 27.060 104.772754 28.415729 2.90 4.076
2019 6 22 5 15 0.350 104.765438 28.417188 1.90 2.313
2019 6 22 5 28 44.990 104.760238 28.422437 1.60 5.486
2019 6 22 6 8 53.750 104.766903 28.430693 1.80 5.651
2019 6 22 6 49 6.300 104.845109 28.397711 3.20 3.799
2019 6 22 8 4 51.960 104.747038 28.161532 1.90 2.963
2019 6 22 8 31 31.400 104.882113 28.316180 1.70 1.152
2019 6 22 9 28 5.190 104.807926 28.411049 3.70 6.078
2019 6 22 9 29 24.470 104.810213 28.414982 3.80 7.549
2019 6 22 9 34 36.060 104.764046 28.417031 1.90 6.093
2019 6 22 9 54 7.730 104.746647 28.416695 1.60 3.425
2019 6 22 10 15 44.060 104.755404 28.419869 2.80 3.872
2019 6 22 11 15 2.010 104.793547 28.423201 2.20 1.246
2019 6 22 11 54 41.100 104.774805 28.415308 1.70 1.336
2019 6 22 12 13 32.020 104.799349 28.403872 1.70 1.511
2019 6 22 13 58 13.370 104.781177 28.404848 1.80 0.692
2019 6 22 14 47 2.520 104.766268 28.413623 1.90 1.900
2019 6 22 14 48 44.400 104.772347 28.409745 1.60 1.164
2019 6 22 14 56 13.130 104.780225 28.406514 1.70 0.809
2019 6 22 15 44 8.300 104.760864 28.417605 1.70 5.621
2019 6 22 15 49 3.870 104.759253 28.410850 3.10 2.736
2019 6 22 15 50 49.220 104.758879 28.413106 2.70 6.343
2019 6 22 16 13 31.650 104.765194 28.413812 1.80 2.364
2019 6 22 16 25 41.760 104.766414 28.420176 1.60 3.134
2019 6 22 17 21 51.640 104.787988 28.411582 1.90 2.921
2019 6 22 18 8 42.260 104.786971 28.406844 2.90 7.514
2019 6 22 18 57 1.160 104.743262 28.426685 2.20 9.281
2019 6 22 19 41 32.060 104.811727 28.398887 1.70 1.899
2019 6 22 20 5 16.240 104.795850 28.405733 2.30 3.397
2019 6 22 20 6 52.800 104.832007 28.388892 1.90 4.827
2019 6 22 20 11 41.360 104.765894 28.413977 2.10 6.019
2019 6 22 20 30 26.680 104.836670 28.376410 3.90 8.219
2019 6 22 20 34 48.660 104.839665 28.387793 1.70 5.471
2019 6 22 20 39 5.920 104.893286 28.360978 1.70 4.993
2019 6 22 20 48 45.560 104.836320 28.371328 2.70 4.242
2019 6 22 21 18 45.760 104.833708 28.375185 2.30 4.380
2019 6 22 21 46 50.620 104.784082 28.417967 1.90 1.618
2019 6 22 22 23 4.520 104.774162 28.411377 2.10 3.197
2019 6 22 22 29 56.560 104.792757 28.424329 5.50 3.847
2019 6 22 22 32 20.280 104.792131 28.423633 3.30 2.203
2019 6 22 22 33 52.000 104.772705 28.411949 2.60 0.702
2019 6 22 22 34 45.960 104.781730 28.418034 2.80 0.707
2019 6 22 22 35 43.200 104.902702 28.362258 1.70 3.332
2019 6 22 22 36 28.300 104.839022 28.417163 1.80 5.376
2019 6 22 22 42 57.440 104.791927 28.429919 2.60 3.157
2019 6 22 22 44 57.740 104.804818 28.432833 2.00 3.450
2019 6 22 22 47 51.880 104.796606 28.425260 2.40 1.668
2019 6 22 22 49 3.720 104.786393 28.428680 1.90 1.277
2019 6 22 22 50 29.200 104.794857 28.423096 1.70 1.861
2019 6 22 22 51 58.720 104.789062 28.417798 2.20 1.233
2019 6 22 22 53 40.620 104.786198 28.440782 1.70 6.810
2019 6 22 22 56 56.840 104.795451 28.429655 1.60 1.415
2019 6 22 22 59 8.520 104.777336 28.401255 2.60 3.995
2019 6 22 23 1 2.360 104.789624 28.421415 1.60 1.200
2019 6 22 23 12 9.440 104.940853 28.216917 1.90 3.333
2019 6 22 23 17 37.260 104.796460 28.426009 2.00 2.037
2019 6 22 23 23 30.960 104.774902 28.411110 2.40 7.928
2019 6 22 23 23 54.780 104.786743 28.431873 2.40 1.583
2019 6 22 23 25 35.800 104.801807 28.426302 3.50 3.792
2019 6 22 23 26 55.240 104.783236 28.428623 2.80 3.773
2019 6 22 23 39 0.060 104.801782 28.435665 1.70 2.118
2019 6 22 23 46 8.500 104.817082 28.398594 1.70 3.973
2019 6 22 23 53 0.780 104.835457 28.383555 1.70 3.974
2019 6 22 23 53 43.380 104.787939 28.415122 1.70 1.322
2019 6 22 23 56 6.960 104.768433 28.416685 2.10 1.928
