2019  6 17 22 55 44.040  28.344364  104.902051     5.111    6.10    
2019  6 17 22 57 33.640  28.384696  104.859660     4.817    3.60    
2019  6 17 23  1 21.540  28.383213  104.853857     4.338    2.30    
2019  6 17 23  2 37.280  28.382579  104.843726     2.778    3.70    
2019  6 17 23  3  7.320  28.372786  104.872542     3.046    3.90    
2019  6 17 23  3 59.580  28.386646  104.836027     0.358    3.70    
2019  6 17 23  5  5.020  28.416597  104.788590     0.962    2.60    
2019  6 17 23  5  9.520  28.385411  104.854826     0.855    2.90    
2019  6 17 23  6 31.000  28.393193  104.827686     1.146    1.80    
2019  6 17 23  6 58.700  28.369698  104.874512     3.189    2.00    
2019  6 17 23  7 27.280  28.369965  104.868506     2.785    2.50    
2019  6 17 23  9  1.660  28.385929  104.844385     3.511    4.00    
2019  6 17 23 12 37.480  28.396881  104.842358     1.505    2.00    
2019  6 17 23 14 17.640  28.378695  104.852612     1.432    2.10    
2019  6 17 23 16 22.900  28.432383  104.758634     1.116    2.30    
2019  6 17 23 19 36.280  28.358616  104.875146     1.621    1.70    
2019  6 17 23 21  0.440  28.367145  104.867106     2.999    3.30    
2019  6 17 23 23 16.560  28.417328  104.777401     1.660    2.30    
2019  6 17 23 23 31.560  28.370603  104.892212     3.464    3.60    
2019  6 17 23 24 53.900  28.366254  104.869474     2.913    2.60    
2019  6 17 23 27 11.180  28.416805  104.787801     1.287    2.30    
2019  6 17 23 28 25.620  28.334432  104.932064     2.177    2.50    
2019  6 17 23 30 18.120  28.371515  104.888534     1.304    1.80    
2019  6 17 23 30 39.080  28.396895  104.823560     4.821    2.90    
2019  6 17 23 34 37.840  28.367857  104.876921     1.137    1.60    
2019  6 17 23 36  1.880  28.417615  104.804549     8.490    5.50    
2019  6 17 23 39 29.360  28.404419  104.829395     1.489    2.50    
2019  6 17 23 39 58.640  28.393475  104.829232     1.272    2.40    
2019  6 17 23 40  5.800  28.366128  104.870964     5.487    2.50    
2019  6 17 23 40 47.980  28.407554  104.806307     1.494    2.30    
2019  6 17 23 41 37.280  28.407865  104.805876     2.468    3.50    
2019  6 17 23 44 57.980  28.391437  104.835197     1.509    1.80    
2019  6 17 23 45 49.520  28.410327  104.804272     0.729    3.00    
2019  6 17 23 47 21.120  28.425930  104.760921     4.066    1.90    
2019  6 17 23 47 29.220  28.407719  104.806502     0.860    2.40    
2019  6 17 23 47 55.080  28.419576  104.776839     7.044    2.30    
2019  6 17 23 49 30.480  28.394112  104.826912     1.844    1.60    
2019  6 17 23 50 49.160  28.386794  104.827897     0.806    2.40    
2019  6 17 23 52 29.040  28.428060  104.778735     5.798    2.90    
2019  6 17 23 53 51.520  28.401036  104.809155     0.647    1.90    
2019  6 17 23 55 53.780  28.389880  104.819873     2.258    2.20    
2019  6 17 23 57  3.480  28.412695  104.801302     1.577    2.30    
2019  6 17 23 59 15.680  28.347593  104.910116     0.605    2.20    
2019  6 18  0  2 35.270  28.376029  104.848527     3.749    2.90    
2019  6 18  0  4 58.150  28.380709  104.852865     3.876    1.80    
2019  6 18  0  5 36.730  28.411418  104.786589     0.208    2.30    
2019  6 18  0  9 49.910  28.405393  104.790251     3.575    2.90    
2019  6 18  0 10 55.400  28.412626  104.801538     0.685    2.50    
2019  6 18  0 11 14.310  28.344820  104.885514     1.718    3.20    
2019  6 18  0 11 48.830  28.415383  104.786361     3.033    1.90    
2019  6 18  0 12 35.380  28.412321  104.766130     0.752    1.70    
2019  6 18  0 13 29.230  28.386393  104.853532     3.020    1.70    
2019  6 18  0 17 58.770  28.371122  104.881104     2.002    1.60    
2019  6 18  0 18 34.880  28.377464  104.856877     2.915    2.30    
2019  6 18  0 20  3.470  28.379624  104.852629     1.653    2.70    
2019  6 18  0 22 22.050  28.378707  104.852279     3.772    1.70    
2019  6 18  0 23 46.260  28.390944  104.821785     1.685    2.00    
2019  6 18  0 25  9.630  28.391654  104.832959     1.074    1.70    
2019  6 18  0 29  7.950  28.389537  104.844808     1.825    4.50    
2019  6 18  0 32 15.170  28.368134  104.896541     1.425    1.60    
2019  6 18  0 33 18.710  28.414653  104.776644     2.553    2.90    
2019  6 18  0 33 54.770  28.419071  104.770223     5.193    2.20    
2019  6 18  0 35 48.910  28.391099  104.852100     5.127    2.00    
2019  6 18  0 37 55.500  28.386336  104.873690     5.495    4.60    
2019  6 18  0 42  2.300  28.398781  104.810400     1.476    2.10    
2019  6 18  0 42 17.020  28.390171  104.821330     1.201    2.10    
2019  6 18  0 44 38.130  28.431761  104.765910     3.384    2.70    
2019  6 18  0 48  7.580  28.431183  104.767065     2.495    2.00    
2019  6 18  0 50 36.540  28.381065  104.862500     1.693    1.60    
2019  6 18  0 51 43.830  28.420508  104.783732     4.401    2.30    
2019  6 18  0 52 12.030  28.391386  104.829972     0.589    1.70    
2019  6 18  0 52 57.110  28.355180  104.906185     1.406    2.00    
2019  6 18  0 54 21.670  28.392055  104.822835     1.702    2.70    
2019  6 18  0 56 32.630  28.343608  104.910864     0.416    1.90    
2019  6 18  0 59  1.420  28.441189  104.750220     4.533    2.00    
2019  6 18  0 59 56.240  28.390261  104.832804     2.257    2.90    
2019  6 18  1  1  6.750  28.427913  104.759920     1.563    1.80    
2019  6 18  1  1 25.160  28.399744  104.793449     2.998    3.70    
2019  6 18  1  5 26.200  28.375596  104.892017     1.957    2.40    
2019  6 18  1  8 20.360  28.413737  104.774748     2.765    2.20    
2019  6 18  1 10 38.470  28.396226  104.819873     4.008    3.30    
2019  6 18  1 12 47.120  28.387783  104.840934     1.635    2.50    
2019  6 18  1 14 33.170  28.374656  104.895475     4.422    1.60    
2019  6 18  1 15 41.770  28.424363  104.790731     3.664    3.40    
2019  6 18  1 21  8.300  28.420762  104.785775     1.217    1.70    
2019  6 18  1 25 48.580  28.409084  104.800228     8.434    1.70    
2019  6 18  1 28 10.050  28.408264  104.789917     2.869    2.50    
2019  6 18  1 31 27.120  28.372978  104.873706     1.296    1.80    
2019  6 18  1 33 15.530  28.392633  104.820654     1.611    1.90    
2019  6 18  1 34 48.870  28.365157  104.892277     1.550    1.70    
2019  6 18  1 36 39.470  28.422174  104.773861     5.260    1.80    
2019  6 18  1 38  7.750  28.415196  104.796794     1.050    3.20    
2019  6 18  1 42 36.310  28.401298  104.807666     1.123    1.70    
2019  6 18  1 45 37.120  28.383447  104.849618     3.113    1.70    
2019  6 18  1 50 43.110  28.395186  104.824113     0.894    2.50    
2019  6 18  1 55 42.860  28.396106  104.817407     3.899    2.00    
2019  6 18  1 57 15.350  28.362602  104.873787     2.685    2.40    
2019  6 18  1 58 15.740  28.410565  104.775358     3.881    1.60    
2019  6 18  2  9 23.550  28.418146  104.795239     1.114    1.60    
2019  6 18  2 12 21.990  28.422198  104.787638     2.407    1.80    
2019  6 18  2 13 27.770  28.375067  104.847217     4.100    2.30    
2019  6 18  2 15  3.050  28.363566  104.866333     1.582    1.90    
2019  6 18  2 18 36.640  28.358655  104.890438     3.096    2.80    
2019  6 18  2 19 18.860  28.406616  104.798592     5.559    2.90    
2019  6 18  2 24 15.110  28.366608  104.869556     1.369    1.80    
2019  6 18  2 27 52.520  28.398761  104.817692     1.546    1.80    
2019  6 18  2 29 17.250  28.370872  104.873307     1.861    1.80    
2019  6 18  2 31 21.210  28.409285  104.782406     1.227    2.00    
2019  6 18  2 34 38.500  28.368465  104.870288     1.764    2.60    
2019  6 18  2 39 45.870  28.380957  104.850675     2.579    2.40    
2019  6 18  2 41 59.250  28.379765  104.861450     3.020    1.80    
2019  6 18  2 42 37.540  28.374449  104.879696     2.020    2.10    
2019  6 18  2 45 40.150  28.385282  104.856567     3.119    2.20    
2019  6 18  2 46 32.900  28.415318  104.797493     1.150    1.70    
2019  6 18  2 53 58.510  28.394753  104.807682     2.219    2.20    
2019  6 18  2 58 18.620  28.399312  104.811279     5.649    3.70    
2019  6 18  2 59 54.080  28.387909  104.822965     1.247    2.40    
2019  6 18  3  2 22.900  28.410828  104.779720     1.010    2.20    
2019  6 18  3  3 30.270  28.345683  104.886776     1.983    1.60    
2019  6 18  3  4  9.680  28.372296  104.858724     2.399    2.90    
2019  6 18  3  8 31.170  28.371016  104.861336     2.323    3.20    
2019  6 18  3 12  2.430  28.378766  104.858097     2.076    1.60    
2019  6 18  3 12 45.470  28.335085  104.888021     2.062    1.90    
2019  6 18  3 12 51.870  28.410588  104.780908     4.306    2.10    
2019  6 18  3 14 28.340  28.390055  104.867603     2.462    1.80    
2019  6 18  3 20  0.070  28.376908  104.856632     1.599    1.70    
2019  6 18  3 22 32.860  28.394208  104.826937     2.684    2.60    
2019  6 18  3 24 22.900  28.385862  104.823934     2.805    1.60    
2019  6 18  3 25 11.850  28.399811  104.792399     2.479    1.80    
2019  6 18  3 28  7.130  28.424239  104.757536     8.279    1.60    
2019  6 18  3 32 40.620  28.420467  104.764535     5.819    2.50    
2019  6 18  3 36 24.680  28.355363  104.850228     2.451    2.00    
2019  6 18  3 43 34.490  28.378072  104.862215     3.052    1.60    
2019  6 18  3 48  9.610  28.360990  104.907650     2.905    1.70    
2019  6 18  3 50 22.710  28.416929  104.789535     3.912    1.70    
2019  6 18  3 51 58.280  28.379976  104.858569     2.958    1.70    
2019  6 18  3 57  2.070  28.411072  104.779508     3.870    2.80    
2019  6 18  4  4 29.590  28.378764  104.857463     4.598    3.50    
2019  6 18  4 11  8.430  28.419509  104.750968     8.816    4.00    
2019  6 18  4 13 53.860  28.370813  104.881413     1.705    3.40    
2019  6 18  4 14 56.580  28.386631  104.847225     2.605    2.20    
2019  6 18  4 31 52.620  28.415013  104.778198     5.196    2.10    
2019  6 18  4 33 36.870  28.372709  104.856453     3.364    2.90    
2019  6 18  4 37 42.120  28.321104  104.888045     1.253    2.70    
2019  6 18  4 39 41.390  28.392900  104.824715     1.477    1.60    
2019  6 18  4 43 16.500  28.376115  104.858415     3.571    2.30    
2019  6 18  4 50 18.650  28.345825  104.934847     1.693    1.80    
2019  6 18  4 53 34.720  28.417542  104.767358     5.669    2.00    
2019  6 18  4 55 41.880  28.423161  104.765169     1.103    1.70    
2019  6 18  4 57 15.350  28.424847  104.773136     1.976    1.70    
2019  6 18  4 58 54.990  28.376705  104.852645     1.708    1.70    
2019  6 18  4 59 53.580  28.394704  104.824308     0.205    2.00    
2019  6 18  5  3 25.770  28.379331  104.857381     6.821    4.70    
2019  6 18  5  4  3.320  28.413206  104.801636     1.798    4.00    
2019  6 18  5  4 51.630  28.379726  104.867537     2.911    2.30    
2019  6 18  5  6 52.870  28.415540  104.799316     0.929    1.80    
2019  6 18  5  8 42.200  28.424858  104.766121     4.065    2.90    
2019  6 18  5 12 53.650  28.414083  104.801123     0.702    2.20    
2019  6 18  5 12 58.610  28.435819  104.754028     6.813    2.30    
2019  6 18  5 13 34.640  28.369580  104.866146     1.817    1.60    
2019  6 18  5 14 21.350  28.376414  104.884294     1.264    1.90    
2019  6 18  5 16  5.610  28.374752  104.863208     3.815    2.50    
2019  6 18  5 17 26.640  28.404669  104.785303     2.748    2.70    
2019  6 18  5 17 43.660  28.366654  104.874398     1.047    2.70    
2019  6 18  5 23 27.890  28.411648  104.794808     1.139    1.90    
2019  6 18  5 24 47.850  28.401186  104.862996     2.068    1.60    
2019  6 18  5 25 43.640  28.397668  104.839762     1.764    2.20    
2019  6 18  5 32 14.820  28.407692  104.782747     5.322    2.60    
2019  6 18  5 40 39.500  28.374343  104.879997     1.863    1.60    
2019  6 18  5 49 15.150  28.399711  104.807007     7.007    4.20    
2019  6 18  5 52 26.210  28.401717  104.810278     4.161    2.00    
2019  6 18  6  4 34.660  28.415983  104.796248     6.298    2.90    
2019  6 18  6 12 47.290  28.417226  104.788843     1.019    1.60    
2019  6 18  6 13 19.260  28.418398  104.776864     1.296    1.90    
2019  6 18  6 18 44.000  28.411501  104.795044     1.520    2.00    
2019  6 18  6 22 25.080  28.411145  104.791829     5.315    2.00    
2019  6 18  6 35  2.250  28.401078  104.816414     3.179    2.80    
2019  6 18  6 57 43.720  28.368483  104.867871     1.676    2.20    
2019  6 18  6 58 11.630  28.366164  104.874194     3.963    2.40    
2019  6 18  7  3 52.470  28.408101  104.790698     4.393    2.60    
2019  6 18  7  7  6.720  28.412911  104.775806     6.074    2.10    
2019  6 18  7  7 43.850  28.403864  104.802791     6.674    1.90    
2019  6 18  7 24  3.380  28.395903  104.825163     2.043    2.40    
2019  6 18  7 27 15.550  28.414876  104.802336     0.331    2.10    
2019  6 18  7 28 21.210  28.428971  104.767773     1.288    2.00    
2019  6 18  7 29 32.150  28.370880  104.873747     3.111    2.60    
2019  6 18  7 34 33.500  28.367822  104.869320     3.333    5.40    
2019  6 18  7 41 32.620  28.382292  104.846785     1.298    1.80    
2019  6 18  7 46 19.450  28.368772  104.874072     2.436    2.10    
2019  6 18  7 55 47.060  28.425816  104.793595     2.348    2.60    
2019  6 18  8  1  8.020  28.369206  104.857894     1.513    2.80    
2019  6 18  8  6 25.650  28.378888  104.852987     1.580    2.40    
2019  6 18  8 14 52.890  28.413894  104.798926     4.494    4.00    
2019  6 18  8 37 50.000  28.405253  104.794303     1.437    1.90    
2019  6 18  8 39 55.260  28.362396  104.867961     2.455    3.50    
2019  6 18  8 58 36.280  28.375480  104.864030     3.049    2.70    
2019  6 18  9  0 16.100  28.376622  104.843815     1.367    2.60    
2019  6 18  9  2 39.720  28.418408  104.759937     1.356    1.70    
2019  6 18  9  4 26.610  28.377563  104.865161     2.271    1.80    
2019  6 18  9  8 27.260  28.402490  104.810750     1.036    2.50    
2019  6 18  9  8 55.990  28.407125  104.773372     4.471    1.90    
2019  6 18  9  9 28.020  28.418414  104.760368     6.661    1.80    
2019  6 18  9 13 27.210  28.410105  104.808651     0.609    2.30    
2019  6 18  9 33 55.610  28.429631  104.759880     2.754    1.70    
2019  6 18  9 35  4.580  28.397115  104.846403     4.237    2.30    
2019  6 18  9 35 30.720  28.425330  104.793880     4.796    2.00    
2019  6 18  9 35 46.250  28.372870  104.867765     3.111    1.80    
2019  6 18  9 44  8.050  28.404557  104.807910     0.973    1.60    
2019  6 18 10 20 14.640  28.428265  104.745443     7.502    2.30    
2019  6 18 10 53  5.690  28.333136  104.886353     2.329    2.60    
2019  6 18 11  0 50.610  28.372514  104.880591     1.113    2.50    
2019  6 18 11  5 45.120  28.398486  104.859839     2.921    1.60    
2019  6 18 11 12 42.900  28.412384  104.806771     2.153    1.90    
2019  6 18 11 28 44.720  28.415194  104.787451     0.594    1.80    
2019  6 18 11 33 45.410  28.364168  104.876009     1.608    1.90    
2019  6 18 11 43 52.910  28.342875  104.858097     7.357    2.00    
2019  6 18 11 56 53.750  28.399327  104.834123     2.030    1.60    
2019  6 18 11 57 37.420  28.422677  104.788403     1.656    1.80    
2019  6 18 12  0 23.160  28.405605  104.789559     3.017    2.50    
2019  6 18 12  5 51.030  28.402525  104.820964     1.043    1.60    
2019  6 18 12  9  2.110  28.407992  104.788175     1.919    2.10    
2019  6 18 12 17 14.390  28.408610  104.772388     2.458    1.90    
2019  6 18 12 18 59.230  28.411294  104.784359     2.805    2.30    
2019  6 18 12 22 44.240  28.392200  104.825480     4.759    3.10    
2019  6 18 12 25 20.070  28.421281  104.771737     4.491    1.60    
2019  6 18 12 26 45.900  28.409009  104.785954     2.581    1.70    
2019  6 18 12 31  1.830  28.420935  104.785563     0.707    1.60    
2019  6 18 13 16 10.490  28.409619  104.785278     1.927    2.60    
2019  6 18 13 17 22.120  28.424042  104.764396     2.470    2.90    
2019  6 18 13 23  0.950  28.424648  104.763574     2.249    2.30    
2019  6 18 13 23 42.570  28.413202  104.788159     7.766    3.80    
2019  6 18 13 24 57.350  28.392660  104.844564     0.709    2.50    
2019  6 18 13 26 27.750  28.389663  104.807601     9.375    1.80    
2019  6 18 13 30 20.270  28.413440  104.783423     0.781    1.70    
2019  6 18 13 30 47.520  28.403945  104.795410     2.071    1.90    
2019  6 18 13 31 49.560  28.410447  104.786702     1.364    2.10    
2019  6 18 13 38 15.900  28.378864  104.837321     1.319    1.70    
2019  6 18 13 39 38.740  28.421429  104.756917     1.980    2.60    
2019  6 18 14  7 50.110  28.388578  104.830542     1.744    3.10    
2019  6 18 14  9 33.660  28.414561  104.780135     6.839    2.80    
2019  6 18 14 18 39.100  28.420050  104.753410     3.751    2.20    
2019  6 18 14 26 53.460  28.427010  104.763094     4.974    2.10    
2019  6 18 14 38 36.260  28.429775  104.743563     9.144    4.10    
2019  6 18 14 45 45.110  28.364624  104.868416     1.942    2.20    
2019  6 18 14 55 59.080  28.409863  104.780575     2.181    1.90    
2019  6 18 15  4 37.480  28.342924  104.920516     0.458    1.90    
2019  6 18 15 18 36.960  28.354197  104.880623     0.989    1.80    
2019  6 18 15 37 12.760  28.433730  104.756429     2.549    2.40    
2019  6 18 15 40  8.650  28.362600  104.916528     0.445    2.10    
2019  6 18 15 40 28.520  28.391756  104.825586     1.013    2.20    
2019  6 18 15 47 21.950  28.411003  104.785490     1.828    2.00    
2019  6 18 16 13 24.290  28.192883  104.939673     1.802    2.10    
2019  6 18 16 20  8.020  28.366764  104.870158     1.312    1.90    
2019  6 18 16 33  6.560  28.391929  104.858423     1.792    2.90    
2019  6 18 16 43 19.650  28.407385  104.791292     2.806    1.80    
2019  6 18 16 44 29.190  28.420003  104.778052     3.399    1.60    
2019  6 18 17  2 38.120  28.390812  104.854020     1.814    2.30    
2019  6 18 17  6  5.160  28.393321  104.838403     7.611    1.70    
2019  6 18 17 12 16.520  28.344135  104.911426     2.554    2.00    
2019  6 18 17 19 19.460  28.375771  104.880444     1.910    2.00    
2019  6 18 17 34 50.720  28.194318  104.877466     3.478    2.40    
2019  6 18 18  2 16.000  28.361283  104.876546     2.245    1.60    
2019  6 18 18  9 59.840  28.423922  104.776774     3.599    3.20    
2019  6 18 18 33 15.440  28.417847  104.772445     6.157    1.70    
2019  6 18 18 37  4.400  28.412528  104.771118     6.941    2.30    
2019  6 18 18 45 48.720  28.404808  104.832007     3.915    1.80    
2019  6 18 18 53 58.680  28.386623  104.857479     3.020    3.70    
2019  6 18 18 59  2.780  28.352106  104.916707     2.252    2.90    
2019  6 18 19 12 10.560  28.365302  104.882170     1.287    3.10    
2019  6 18 19 24  1.280  28.374436  104.870435     1.521    1.70    
2019  6 18 19 54 48.760  28.412484  104.764323     4.003    2.80    
2019  6 18 19 58 54.120  28.419090  104.758187     3.305    1.80    
2019  6 18 20 24 54.160  28.413208  104.768457     2.386    2.00    
2019  6 18 20 33 58.340  28.422485  104.788306     0.963    2.30    
2019  6 18 20 37 26.600  28.341744  104.890983     3.949    1.70    
2019  6 18 20 38 11.080  28.343319  104.891797     5.501    1.80    
2019  6 18 21  0  4.280  28.426742  104.786776     1.138    1.60    
2019  6 18 21  6 54.680  28.410266  104.785938     5.376    1.60    
2019  6 18 21 20 55.800  28.356150  104.870117     3.293    1.90    
2019  6 18 21 48 13.240  28.399815  104.815145     1.645    1.60    
2019  6 18 22 15  2.280  28.395614  104.810360     5.298    1.80    
2019  6 18 22 28 35.280  28.392336  104.831185     2.042    2.00    
2019  6 18 23 24 30.880  28.406848  104.811727     1.874    2.20    
2019  6 18 23 48 55.220  28.422595  104.777124     1.796    2.50    
2019  6 19  0 34 24.990  28.414329  104.793245     4.058    1.90    
2019  6 19  0 38  9.030  28.436401  104.755745     2.094    1.70    
2019  6 19  1  8 21.960  28.412758  104.778678     3.315    2.30    
2019  6 19  2  3 16.810  28.332430  104.894417     1.887    1.80    
2019  6 19  2  9 28.870  28.410146  104.787256     2.712    1.80    
2019  6 19  2 36  1.680  28.411159  104.776864     3.482    2.40    
2019  6 19  2 38 15.730  28.363243  104.869987     3.304    2.30    
2019  6 19  2 38 57.950  28.408732  104.796452     1.907    2.30    
2019  6 19  2 52 39.550  28.401170  104.830615     1.885    1.90    
2019  6 19  2 52 54.380  28.402539  104.831095     1.898    2.10    
2019  6 19  2 55 48.320  28.416667  104.801375     2.140    2.00    
2019  6 19  2 56 10.970  28.416876  104.804761     1.555    1.70    
2019  6 19  2 56 34.110  28.445054  104.730387     8.111    2.00    
2019  6 19  3  2 43.900  28.392989  104.824910     4.527    3.50    
2019  6 19  3 10 13.020  28.417800  104.780770     6.931    1.70    
2019  6 19  3 10 28.720  28.368561  104.872477     0.609    1.70    
2019  6 19  3 23 24.730  28.392784  104.855868     1.633    2.30    
2019  6 19  3 25 29.970  28.398295  104.824935     3.755    3.60    
2019  6 19  3 26 59.530  28.397827  104.821989     2.096    1.80    
2019  6 19  3 28 52.610  28.390426  104.831624     0.487    2.20    
2019  6 19  3 33 17.830  28.410093  104.784147     2.287    2.00    
2019  6 19  4  0 42.530  28.412122  104.783708     1.333    1.60    
2019  6 19  4 27 50.830  28.415354  104.785221     4.884    1.60    
2019  6 19  4 39 14.360  28.381439  104.885864     1.926    3.50    
2019  6 19  5 35  5.850  28.386739  104.850399     2.309    2.40    
2019  6 19  5 53 18.120  28.338224  104.925993     1.572    1.70    
2019  6 19  6  1 22.620  28.415306  104.790983     2.591    1.60    
2019  6 19  6 44  7.140  28.413454  104.786410     3.941    2.50    
2019  6 19  7 14 57.010  28.391032  104.854256     5.831    2.30    
2019  6 19  8 51 10.880  28.368964  104.869116     3.005    3.30    
2019  6 19  9 23  0.450  28.412754  104.790397     1.361    2.10    
2019  6 19  9 57  8.890  28.393646  104.822811     1.812    2.70    
2019  6 19 10  5 19.530  28.424221  104.769816     4.138    3.00    
2019  6 19 10 25 45.710  28.396167  104.816577     1.442    2.00    
2019  6 19 10 26  0.520  28.395679  104.819881     1.017    2.70    
2019  6 19 11  9 41.580  28.419088  104.774097     2.296    2.40    
2019  6 19 11 10 39.200  28.400832  104.825952     1.233    2.00    
2019  6 19 11 11 48.240  28.347038  104.884009     3.235    1.60    
2019  6 19 11 54 27.220  28.419541  104.770850     2.754    2.90    
2019  6 19 12 12  1.330  28.380367  104.844548     3.520    2.40    
2019  6 19 12 58 10.660  28.392635  104.832039     2.948    1.60    
2019  6 19 13 14 32.330  28.378485  104.864665     1.593    2.30    
2019  6 19 13 32 42.980  28.413448  104.781071     7.589    3.10    
2019  6 19 13 57 13.380  28.413385  104.762720     5.120    3.40    
2019  6 19 16 10 36.600  28.389435  104.835579     5.525    2.10    
2019  6 19 16 20 18.810  28.397589  104.819100     2.593    2.00    
2019  6 19 16 29 36.410  28.428133  104.772762     6.348    2.20    
2019  6 19 16 30 56.730  28.418815  104.769613     6.469    1.90    
2019  6 19 17  4  5.680  28.413263  104.777580     0.472    1.70    
2019  6 19 18 22 32.020  28.428135  104.750008     6.492    2.20    
2019  6 19 19  0 31.000  28.407190  104.791024     1.949    2.70    
2019  6 19 19 12 44.640  28.391097  104.818856     2.543    2.40    
2019  6 19 19 35 16.080  28.413617  104.764209     2.289    1.60    
2019  6 19 20  1 47.000  28.413664  104.784359     2.036    1.90    
2019  6 19 20  8 19.800  28.424860  104.790861     1.513    1.60    
2019  6 19 20  9 45.880  28.412545  104.783724     1.700    1.60    
2019  6 19 20 35 50.860  28.358956  104.882520     3.321    1.80    
2019  6 19 20 37 34.440  28.333547  104.894271     1.321    2.60    
2019  6 19 20 49  7.560  28.417267  104.769214     5.458    1.80    
2019  6 19 20 52  8.460  28.411735  104.777824     0.891    1.60    
2019  6 19 21 10 17.040  28.395520  104.815088     1.834    2.20    
2019  6 19 21 38 32.120  28.414543  104.797689     0.723    1.60    
2019  6 19 21 38 57.500  28.413377  104.782528     1.773    1.80    
2019  6 19 21 41 52.920  28.412673  104.786678     3.865    1.70    
2019  6 19 22 38 46.720  28.423244  104.744434     8.169    1.70    
2019  6 19 22 59 18.720  28.416298  104.780143     6.122    1.70    
2019  6 19 23  4 23.300  28.354165  104.909432     1.181    1.70    
2019  6 19 23 22 38.760  28.431854  104.760262     4.410    1.70    
2019  6 19 23 36 22.960  28.408234  104.790251     1.614    1.80    
2019  6 19 23 37 34.660  28.405330  104.793359     2.346    2.10    
2019  6 19 23 39 13.480  28.397396  104.827799     0.620    1.70    
2019  6 19 23 47 46.340  28.395772  104.823893     2.286    1.80    
2019  6 20  0  1 21.660  28.428131  104.791423     1.914    1.80    
2019  6 20  0 58 25.470  28.426715  104.777214     1.821    2.30    
2019  6 20  1 17 54.590  28.351428  104.909098     1.688    2.70    
2019  6 20  1 22 27.960  28.428674  104.751563     3.694    2.00    
2019  6 20  1 30 20.610  28.427808  104.740015     9.627    3.00    
2019  6 20  1 44 32.350  28.413359  104.762199     4.253    3.80    
2019  6 20  1 50 34.530  28.418235  104.762996     1.747    1.60    
2019  6 20  2 11 55.580  28.401591  104.832194     2.956    2.90    
2019  6 20  2 13  7.650  28.389016  104.879875     2.426    2.00    
2019  6 20  2 28 36.660  28.409926  104.770459     2.159    2.00    
2019  6 20  2 31 24.980  28.390122  104.825326     1.035    1.80    
2019  6 20  2 55 45.940  28.407239  104.783936     2.796    2.40    
2019  6 20  2 57 49.820  28.410960  104.776855     5.729    2.30    
2019  6 20  3 35 26.100  28.414335  104.782072     7.459    2.40    
2019  6 20  3 40 47.790  28.430918  104.743050     9.375    2.80    
2019  6 20  3 55 31.830  28.425291  104.755477     5.567    3.40    
2019  6 20  4  2 31.300  28.403831  104.788208     2.054    1.70    
2019  6 20  5  4 34.640  28.414016  104.776367     3.522    2.00    
2019  6 20  5 36 30.650  28.425332  104.749813     6.973    1.60    
2019  6 20  5 41  7.960  28.390308  104.827026     1.931    1.90    
2019  6 20  6  2 38.660  28.410636  104.775732     4.854    2.00    
2019  6 20  6 26 29.900  28.357806  104.913232     1.169    2.00    
2019  6 20  6 54 12.850  28.429038  104.740299     8.510    1.90    
2019  6 20  7 20 58.020  28.368862  104.875366     2.306    1.80    
2019  6 20  7 40 39.190  28.370081  104.876074     2.613    1.90    
2019  6 20  9  2 49.990  28.368237  104.869873     0.829    1.70    
2019  6 20  9 21 56.490  28.407066  104.780127     3.917    3.10    
2019  6 20 10  2  6.590  28.413348  104.765397     2.031    2.60    
2019  6 20 10 55 52.240  28.389341  104.827425     3.311    3.60    
2019  6 20 11  6 36.900  28.423517  104.753320     3.066    2.20    
2019  6 20 11 10 24.290  28.407961  104.786304     5.615    2.40    
2019  6 20 11 15 14.240  28.422721  104.758097     5.317    2.20    
2019  6 20 11 21  1.030  28.412907  104.777287     5.941    1.60    
2019  6 20 11 22 22.330  28.410400  104.786255     6.876    1.90    
2019  6 20 11 36 14.660  28.359096  104.868864     0.984    1.80    
2019  6 20 11 57 36.420  28.413308  104.771037     5.393    1.80    
2019  6 20 12  3 22.300  28.384648  104.802108     4.047    1.80    
2019  6 20 12  4 16.450  28.423944  104.750895     3.579    2.00    
2019  6 20 12 16 35.090  28.416323  104.762004     6.060    1.60    
2019  6 20 12 35 59.560  28.424392  104.748332     7.379    2.10    
2019  6 20 12 46  7.820  28.424019  104.755436     5.098    3.30    
2019  6 20 12 47 41.550  28.423779  104.756657     0.066    1.90    
2019  6 20 12 49 10.400  28.424351  104.752938     5.805    2.50    
2019  6 20 12 49 37.280  28.423895  104.756453     1.292    2.00    
2019  6 20 12 56 57.450  28.418797  104.757080     2.952    2.30    
2019  6 20 13  0 33.150  28.423901  104.767757     1.624    1.60    
2019  6 20 13 17 12.550  28.418062  104.759530     3.979    3.70    
2019  6 20 13 19 52.470  28.425614  104.753060     1.559    1.70    
2019  6 20 13 34 31.100  28.406805  104.780339     1.382    1.60    
2019  6 20 13 36 16.770  28.419043  104.775724     1.732    1.80    
2019  6 20 13 37 58.490  28.426160  104.771509     1.938    2.00    
2019  6 20 14 28 59.270  28.424917  104.748877     7.661    3.70    
2019  6 20 14 45 25.650  28.408256  104.763053     4.539    1.80    
2019  6 20 14 52  0.290  28.416176  104.776839     3.895    2.70    
2019  6 20 14 54 15.020  28.420622  104.758870     2.438    1.60    
2019  6 20 15 17 29.630  28.407487  104.787044     1.698    1.60    
2019  6 20 15 21 37.850  28.229445  104.934359     3.584    2.10    
2019  6 20 15 21 48.780  28.404472  104.790706     3.604    2.30    
2019  6 20 15 22 10.820  28.405794  104.786580     4.256    1.70    
2019  6 20 15 53 35.780  28.409900  104.783797     5.959    1.60    
2019  6 20 16  1 12.740  28.416874  104.767277     2.680    2.10    
2019  6 20 16 39 39.550  28.413942  104.759945     4.013    2.40    
2019  6 20 16 53 59.670  28.409827  104.775610     4.456    2.90    
2019  6 20 17 11 22.960  28.417157  104.784619     6.670    1.90    
2019  6 20 17 11 48.840  28.399426  104.812378     0.465    2.00    
2019  6 20 17 16  2.400  28.422461  104.753239     1.791    1.80    
2019  6 20 17 23  1.040  28.425478  104.751864     1.571    1.60    
2019  6 20 18  6 21.980  28.412734  104.767318     3.442    1.90    
2019  6 20 18  7 52.580  28.408728  104.770898     5.621    1.60    
2019  6 20 18 19 19.520  28.421234  104.766943     0.938    1.60    
2019  6 20 18 44 46.600  28.413104  104.766829     1.892    1.70    
2019  6 20 19  4 52.600  28.431460  104.753019     4.769    3.30    
2019  6 20 19 18 16.360  28.405662  104.776457     1.976    2.60    
2019  6 20 19 23 39.200  28.395170  104.862402     2.846    2.60    
2019  6 20 19 29 55.120  28.383828  104.835596     3.144    2.20    
2019  6 20 19 48 50.280  28.404277  104.784139     1.996    2.30    
2019  6 20 19 57 33.580  28.408785  104.780485     3.704    3.40    
2019  6 20 20  5 48.920  28.411871  104.760864     4.501    2.00    
2019  6 20 20 39  3.800  28.410992  104.765243     4.777    1.60    
2019  6 20 20 58 45.840  28.425952  104.741398    10.277    4.00    
2019  6 20 21  8 16.720  28.339237  104.884408     3.345    1.60    
2019  6 20 21  8 43.900  28.365415  104.878524     3.538    1.60    
2019  6 20 21 13 18.920  28.414939  104.758244     3.428    2.50    
2019  6 20 21 14 47.900  28.423511  104.781396     2.043    1.60    
2019  6 20 21 15 11.420  28.426282  104.744491     4.243    2.00    
2019  6 20 21 21  8.240  28.412750  104.769271     1.919    2.40    
2019  6 20 21 21 49.580  28.417074  104.769580     1.134    2.40    
2019  6 20 21 22 49.320  28.344191  104.938078     1.115    2.20    
2019  6 20 21 50 16.120  28.410661  104.770874     3.662    3.00    
2019  6 20 21 51 55.240  28.414634  104.768270     4.243    2.00    
2019  6 20 22  1 17.080  28.410547  104.763468     1.838    4.20    
2019  6 20 22 20 35.120  28.412826  104.762956     5.748    2.30    
2019  6 20 22 22  1.280  28.407353  104.772949     1.831    2.60    
2019  6 20 22 25 31.240  28.413188  104.771704     7.012    2.30    
2019  6 20 22 48 13.860  28.407558  104.763607     3.348    2.30    
2019  6 20 23 10 31.620  28.412366  104.771549     2.205    2.10    
2019  6 20 23 24 31.720  28.407621  104.778939     1.720    1.70    
2019  6 20 23 34 50.820  28.393650  104.826066     1.864    1.90    
2019  6 20 23 38 29.120  28.410266  104.773560     1.728    1.70    
2019  6 21  0  4 57.020  28.411208  104.770239     4.944    1.80    
2019  6 21  0  8 54.950  28.409497  104.771606     5.308    1.70    
2019  6 21  0 12 26.970  28.402993  104.802010     6.368    2.40    
2019  6 21  0 35 44.500  28.413310  104.769588     6.076    1.80    
2019  6 21  1 12 46.440  28.406492  104.777401     2.923    1.80    
2019  6 21  1 19 16.720  28.409436  104.776066     3.792    2.70    
2019  6 21  1 34  3.770  28.409562  104.775529     3.941    2.70    
2019  6 21  1 39 12.210  28.414020  104.774032     8.068    2.50    
2019  6 21  1 55 42.290  28.366121  104.885815     2.026    1.70    
2019  6 21  2  3  2.680  28.369891  104.879370     2.621    2.30    
2019  6 21  2 25 44.270  28.414984  104.755518     2.082    1.60    
2019  6 21  2 28 41.150  28.430998  104.791040     6.359    2.50    
2019  6 21  2 41  3.290  28.421271  104.757731     4.503    2.40    
2019  6 21  2 42 59.030  28.419958  104.769312     1.667    1.70    
2019  6 21  3 24 50.190  28.431573  104.797266     5.517    3.40    
2019  6 21  3 28 54.770  28.429134  104.797941     6.568    3.50    
2019  6 21  3 33 13.610  28.413674  104.784277     2.517    1.70    
2019  6 21  3 55 41.850  28.422729  104.744132     8.040    2.30    
2019  6 21  3 56 40.350  28.347186  104.923096     2.423    2.40    
2019  6 21  4  4  6.590  28.413708  104.758203     3.522    2.20    
2019  6 21  4 11 57.540  28.403084  104.785026     1.840    2.30    
2019  6 21  4 13 19.960  28.409178  104.758797     3.739    2.10    
2019  6 21  4 17 22.560  28.422583  104.791772     3.592    3.20    
2019  6 21  4 22 12.130  28.409515  104.763159     2.984    2.20    
2019  6 21  5 24 20.490  28.350722  104.917765     0.992    1.90    
2019  6 21  5 28 36.690  28.345300  104.922445     1.318    1.70    
2019  6 21  5 33 39.280  28.316284  104.889551     0.685    2.40    
2019  6 21  6 11 52.000  28.391954  104.828361     3.585    2.90    
2019  6 21  6 27 11.750  28.427785  104.769206     1.432    1.70    
2019  6 21  6 40 10.550  28.414821  104.776424     3.913    2.50    
2019  6 21  6 48 22.570  28.406734  104.774162     3.083    2.70    
2019  6 21  6 49 20.300  28.410606  104.770858     1.215    1.90    
2019  6 21  6 56 49.580  28.421714  104.786287     3.968    3.80    
2019  6 21  7  5 35.710  28.409678  104.787712     5.796    1.60    
2019  6 21  7 19 31.340  28.412081  104.776937     1.916    2.10    
2019  6 21  7 23 57.780  28.403552  104.754622     4.248    2.10    
2019  6 21  7 44 56.740  28.415328  104.746118     6.612    2.20    
2019  6 21  8  9 57.130  28.389966  104.846981     1.295    1.60    
2019  6 21  8 52 22.440  28.417753  104.791740     2.655    1.60    
2019  6 21  8 57 18.080  28.416797  104.749194     6.186    1.70    
2019  6 21  9 54 44.530  28.406537  104.784806     2.521    3.20    
2019  6 21 10  1 36.520  28.412708  104.783740     8.421    3.70    
2019  6 21 10 35 18.870  28.413965  104.775814     2.916    1.80    
2019  6 21 10 42 46.690  28.438611  104.737533     6.571    1.60    
2019  6 21 10 45 28.850  28.423372  104.751009     6.657    2.00    
2019  6 21 11  6 14.000  28.423161  104.751823     6.654    1.70    
2019  6 21 11 34 34.260  28.434987  104.763664     5.333    1.90    
2019  6 21 13 17 48.830  28.434145  104.749504     2.722    2.40    
2019  6 21 13 30 34.250  28.325252  104.892627     1.191    1.70    
2019  6 21 14 29 25.100  28.404067  104.792570     2.987    2.40    
2019  6 21 14 47 26.200  28.413751  104.768229     6.067    1.90    
2019  6 21 14 51 51.290  28.378607  104.848511     1.518    1.60    
2019  6 21 15  9 56.090  28.426438  104.770378     5.985    4.00    
2019  6 21 15 15  7.260  28.420654  104.771899     1.879    2.60    
2019  6 21 16 47 42.470  28.413118  104.769897     6.366    2.10    
2019  6 21 17 16 20.680  28.381632  104.861743     3.006    1.90    
2019  6 21 17 29 13.540  28.391628  104.780005     3.993    1.70    
2019  6 21 17 58 56.800  28.388759  104.838843     1.821    1.60    
2019  6 21 18 29 37.680  28.415605  104.763550     1.323    1.90    
2019  6 21 18 56 28.320  28.405064  104.774642     0.419    1.70    
2019  6 21 20 27 10.040  28.429759  104.768335     6.209    1.60    
2019  6 21 20 57 55.080  28.407281  104.775008     2.063    2.10    
2019  6 21 20 58 42.280  28.406366  104.775407     2.389    2.40    
2019  6 21 21 25 55.400  28.427386  104.785238     0.526    1.80    
2019  6 21 21 28 35.600  28.415257  104.786182     2.844    1.90    
2019  6 21 21 35  3.740  28.397994  104.807471     3.824    2.60    
2019  6 21 22  7 16.800  28.369558  104.874259     4.226    2.80    
2019  6 21 22 30 22.800  28.412295  104.769385     6.996    1.80    
2019  6 21 22 39 43.720  28.423757  104.744645     7.974    2.00    
2019  6 21 23 12 52.340  28.412268  104.802555     2.811    2.50    
2019  6 21 23 56 11.800  28.422658  104.746232     7.776    1.60    
2019  6 21 23 57 16.340  28.172239  104.745679     1.603    1.80    
2019  6 22  0 42 51.600  28.414372  104.758423     4.429    2.50    
2019  6 22  0 49 47.970  28.416262  104.773185     5.794    2.20    
2019  6 22  0 51 19.190  28.413216  104.776709     6.616    1.90    
2019  6 22  1  2 10.300  28.412059  104.758049     3.959    2.10    
2019  6 22  1  5 49.600  28.400704  104.808659     1.545    1.70    
2019  6 22  1 15 28.070  28.411741  104.769507     6.720    1.90    
2019  6 22  1 17 33.600  28.406757  104.775993     2.676    1.80    
2019  6 22  1 21 56.580  28.421564  104.752726     6.346    1.70    
2019  6 22  1 42 23.230  28.408785  104.763574     2.600    1.70    
2019  6 22  2  5 25.870  28.347705  104.907861     1.841    2.20    
2019  6 22  2 35 25.670  28.426477  104.742513     7.384    2.40    
2019  6 22  3  0 31.920  28.408946  104.807194     1.927    1.80    
2019  6 22  3  5  8.080  28.330412  104.886890     1.949    1.80    
2019  6 22  3 41 46.100  28.405003  104.806217     2.253    1.80    
2019  6 22  3 51 27.420  28.408929  104.770418     6.269    1.70    
2019  6 22  4  5 59.920  28.413411  104.789144     1.488    1.60    
2019  6 22  4  9 55.160  28.421706  104.784847     3.836    3.40    
2019  6 22  4 17 21.850  28.429163  104.764380     1.770    2.00    
2019  6 22  5  4 27.060  28.415729  104.772754     4.076    2.90    
2019  6 22  5 15  0.350  28.417188  104.765438     2.313    1.90    
2019  6 22  5 28 44.990  28.422437  104.760238     5.486    1.60    
2019  6 22  6  8 53.750  28.430693  104.766903     5.651    1.80    
2019  6 22  6 49  6.300  28.397711  104.845109     3.799    3.20    
2019  6 22  8  4 51.960  28.161532  104.747038     2.963    1.90    
2019  6 22  8 31 31.400  28.316180  104.882113     1.152    1.70    
2019  6 22  9 28  5.190  28.411049  104.807926     6.078    3.70    
2019  6 22  9 29 24.470  28.414982  104.810213     7.549    3.80    
2019  6 22  9 34 36.060  28.417031  104.764046     6.093    1.90    
2019  6 22  9 54  7.730  28.416695  104.746647     3.425    1.60    
2019  6 22 10 15 44.060  28.419869  104.755404     3.872    2.80    
2019  6 22 11 15  2.010  28.423201  104.793547     1.246    2.20    
2019  6 22 11 54 41.100  28.415308  104.774805     1.336    1.70    
2019  6 22 12 13 32.020  28.403872  104.799349     1.511    1.70    
2019  6 22 13 58 13.370  28.404848  104.781177     0.692    1.80    
2019  6 22 14 47  2.520  28.413623  104.766268     1.900    1.90    
2019  6 22 14 48 44.400  28.409745  104.772347     1.164    1.60    
2019  6 22 14 56 13.130  28.406514  104.780225     0.809    1.70    
2019  6 22 15 44  8.300  28.417605  104.760864     5.621    1.70    
2019  6 22 15 49  3.870  28.410850  104.759253     2.736    3.10    
2019  6 22 15 50 49.220  28.413106  104.758879     6.343    2.70    
2019  6 22 16 13 31.650  28.413812  104.765194     2.364    1.80    
2019  6 22 16 25 41.760  28.420176  104.766414     3.134    1.60    
2019  6 22 17 21 51.640  28.411582  104.787988     2.921    1.90    
2019  6 22 18  8 42.260  28.406844  104.786971     7.514    2.90    
2019  6 22 18 57  1.160  28.426685  104.743262     9.281    2.20    
2019  6 22 19 41 32.060  28.398887  104.811727     1.899    1.70    
2019  6 22 20  5 16.240  28.405733  104.795850     3.397    2.30    
2019  6 22 20  6 52.800  28.388892  104.832007     4.827    1.90    
2019  6 22 20 11 41.360  28.413977  104.765894     6.019    2.10    
2019  6 22 20 30 26.680  28.376410  104.836670     8.219    3.90    
2019  6 22 20 34 48.660  28.387793  104.839665     5.471    1.70    
2019  6 22 20 39  5.920  28.360978  104.893286     4.993    1.70    
2019  6 22 20 48 45.560  28.371328  104.836320     4.242    2.70    
2019  6 22 21 18 45.760  28.375185  104.833708     4.380    2.30    
2019  6 22 21 46 50.620  28.417967  104.784082     1.618    1.90    
2019  6 22 22 23  4.520  28.411377  104.774162     3.197    2.10    
2019  6 22 22 29 56.560  28.424329  104.792757     3.847    5.50    
2019  6 22 22 32 20.280  28.423633  104.792131     2.203    3.30    
2019  6 22 22 33 52.000  28.411949  104.772705     0.702    2.60    
2019  6 22 22 34 45.960  28.418034  104.781730     0.707    2.80    
2019  6 22 22 35 43.200  28.362258  104.902702     3.332    1.70    
2019  6 22 22 36 28.300  28.417163  104.839022     5.376    1.80    
2019  6 22 22 42 57.440  28.429919  104.791927     3.157    2.60    
2019  6 22 22 44 57.740  28.432833  104.804818     3.450    2.00    
2019  6 22 22 47 51.880  28.425260  104.796606     1.668    2.40    
2019  6 22 22 49  3.720  28.428680  104.786393     1.277    1.90    
2019  6 22 22 50 29.200  28.423096  104.794857     1.861    1.70    
2019  6 22 22 51 58.720  28.417798  104.789062     1.233    2.20    
2019  6 22 22 53 40.620  28.440782  104.786198     6.810    1.70    
2019  6 22 22 56 56.840  28.429655  104.795451     1.415    1.60    
2019  6 22 22 59  8.520  28.401255  104.777336     3.995    2.60    
2019  6 22 23  1  2.360  28.421415  104.789624     1.200    1.60    
2019  6 22 23 12  9.440  28.216917  104.940853     3.333    1.90    
2019  6 22 23 17 37.260  28.426009  104.796460     2.037    2.00    
2019  6 22 23 23 30.960  28.411110  104.774902     7.928    2.40    
2019  6 22 23 23 54.780  28.431873  104.786743     1.583    2.40    
2019  6 22 23 25 35.800  28.426302  104.801807     3.792    3.50    
2019  6 22 23 26 55.240  28.428623  104.783236     3.773    2.80    
2019  6 22 23 39  0.060  28.435665  104.801782     2.118    1.70    
2019  6 22 23 46  8.500  28.398594  104.817082     3.973    1.70    
2019  6 22 23 53  0.780  28.383555  104.835457     3.974    1.70    
2019  6 22 23 53 43.380  28.415122  104.787939     1.322    1.70    
2019  6 22 23 56  6.960  28.416685  104.768433     1.928    2.10    