2008 5 12 14 27 57.460 103.346300 31.012540 8.0 16.4
2008 5 12 15 31 6.420 103.380500 30.952610 5.2 13.0
2008 5 12 15 34 41.680 103.553300 31.288290 5.4 12.0
2008 5 12 15 44 15.370 103.531100 31.242410 4.6 8.2
2008 5 12 15 45 33.340 103.772400 31.364130 4.7 14.7
2008 5 12 16 8 2.820 103.267500 30.891160 4.5 18.1
2008 5 12 16 21 40.260 103.987900 31.633990 5.4 9.8
2008 5 12 16 31 39.040 103.388900 31.206470 4.0 16.5
2008 5 12 16 35 5.050 103.498200 31.276380 4.7 4.3
2008 5 12 16 36 25.650 103.202600 31.011070 4.6 17.4
2008 5 12 16 59 35.650 103.378400 31.080500 4.5 12.5
2008 5 12 17 19 10.540 103.369200 31.004140 4.3 9.5
2008 5 12 17 34 54.460 103.213800 30.927800 4.1 15.3
2008 5 12 17 42 23.940 103.945300 31.575850 5.4 17.6
2008 5 12 17 56 54.190 103.716800 31.333870 4.3 20.7
2008 5 12 18 23 39.650 103.286600 30.986300 5.2 16.0
2008 5 12 18 59 20.650 103.358700 31.018070 4.1 7.5
2008 5 12 19 25 50.950 103.358100 31.343510 4.2 13.5
2008 5 12 19 28 35.120 103.764900 31.287460 4.5 19.2
2008 5 12 19 41 7.710 104.972300 32.391930 4.8 18.0
2008 5 12 20 11 55.800 103.762100 31.393410 4.8 22.7
2008 5 12 20 13 46.300 103.474600 31.365290 4.8 13.1
2008 5 12 20 37 43.620 103.259100 30.938220 3.8 17.3
2008 5 12 20 54 56.700 103.429200 31.300900 4.4 13.4
2008 5 12 21 2 2.350 103.253000 31.052520 4.3 19.0
2008 5 12 21 5 57.140 103.210400 30.952260 3.3 19.8
2008 5 12 21 7 14.270 103.425400 31.181770 4.0 11.4
2008 5 12 21 14 14.380 103.345000 31.029370 3.2 14.7
2008 5 12 21 16 22.070 103.704700 31.369570 3.9 15.0
2008 5 12 21 18 45.850 103.298100 31.378140 4.1 13.0
2008 5 12 21 21 30.870 103.504700 31.323230 3.9 7.7
2008 5 12 21 29 18.830 103.588200 31.323080 3.8 11.7
2008 5 12 21 35 3.390 103.428700 31.180170 4.0 10.7
2008 5 12 21 40 53.770 103.381200 31.071260 5.3 13.4
2008 5 12 21 50 14.380 103.273200 30.966370 3.9 18.1
2008 5 12 22 2 13.780 103.158400 31.014680 3.9 18.5
2008 5 12 22 14 53.200 103.268100 30.925690 4.0 16.7
2008 5 12 22 26 14.230 103.763800 31.418830 3.6 21.9
2008 5 12 23 5 29.330 103.619500 31.272110 5.1 15.8
2008 5 12 23 5 42.960 103.445000 31.341260 5.2 11.9
2008 5 12 23 16 56.730 103.270300 31.109130 4.4 14.6
2008 5 12 23 28 52.490 103.368100 31.030120 5.3 12.8
2008 5 13 0 24 37.400 103.257900 31.065400 4.0 18.3
2008 5 13 0 40 53.590 103.281500 30.929350 3.9 13.7
2008 5 13 1 1 45.250 103.384200 30.899000 4.3 12.7
2008 5 13 1 3 11.320 103.430600 31.200030 5.0 10.1
2008 5 13 1 7 51.670 103.617600 31.275980 4.4 14.2
2008 5 13 1 12 .700 103.788800 31.325120 3.7 13.4
2008 5 13 1 20 52.550 103.197400 31.032420 4.0 14.9
2008 5 13 1 29 4.500 103.415200 31.308550 5.1 9.8
2008 5 13 1 54 30.730 103.438000 31.301710 5.3 10.4
2008 5 13 4 8 48.400 103.828800 31.460710 6.0 21.2
2008 5 13 4 37 2.220 103.382100 31.036020 3.9 12.9
2008 5 13 5 19 32.790 103.289400 31.038900 3.0 18.1
2008 5 13 5 30 28.530 103.594600 31.275840 3.6 18.2
2008 5 13 5 34 5.960 103.558300 31.304870 4.2 11.5
2008 5 13 5 52 59.350 103.567600 31.273280 3.3 12.3
2008 5 13 6 0 57.650 103.886800 31.511180 3.3 18.1
2008 5 13 6 8 13.720 103.713600 31.263430 3.7 14.2
2008 5 13 6 28 34.660 103.483800 31.029440 4.5 13.2
2008 5 13 6 40 38.650 103.387000 31.020690 4.1 11.3
2008 5 13 6 52 56.830 103.366400 30.972410 4.2 12.7
2008 5 13 6 54 25.180 103.166600 31.281440 4.0 21.3
2008 5 13 7 46 17.350 103.356400 31.318390 5.8 13.8
2008 5 13 7 54 45.290 103.381100 31.312500 5.4 14.7
2008 5 13 8 21 24.190 103.826000 31.354520 3.9 14.9
2008 5 13 8 22 17.600 103.827900 31.364440 4.7 12.7
2008 5 13 8 24 31.730 104.302300 31.820950 4.4 11.4
2008 5 13 8 54 1.850 105.380200 32.587610 4.3 14.5
2008 5 13 9 2 35.220 103.425900 31.353400 4.0 12.5
2008 5 13 9 59 22.560 103.415600 31.152660 3.7 11.4
2008 5 13 10 59 32.170 103.347900 31.018080 4.6 13.9
2008 5 13 14 26 36.990 103.345400 31.391900 3.7 13.0
2008 5 13 14 58 32.830 103.810600 31.454180 3.1 13.7
2008 5 13 17 36 .470 103.287300 30.914790 3.5 20.1
2008 5 13 18 16 4.460 104.251400 31.736680 5.1 11.7
2008 5 13 18 36 40.080 103.624500 31.297720 4.7 17.3
2008 5 13 23 0 12.350 103.410700 31.145100 3.5 12.7
2008 5 13 23 19 12.770 103.535400 31.295580 3.4 9.7
2008 5 13 23 55 4.890 103.197400 30.982510 3.5 15.9
2008 5 13 23 59 10.930 103.755000 31.312230 3.8 13.0
2008 5 14 4 32 7.690 104.186000 31.587140 4.3 14.1
2008 5 14 4 50 31.100 103.436500 31.150310 4.5 11.9
2008 5 14 4 57 27.480 103.990200 31.514600 3.8 14.5
2008 5 14 9 9 19.350 103.852200 31.413230 4.7 15.5
2008 5 14 9 56 40.100 103.522700 31.272960 4.8 14.5
2008 5 14 10 34 30.580 103.569500 31.281380 3.3 8.5
2008 5 14 10 42 41.410 103.350300 31.025180 3.1 13.1
2008 5 14 10 54 36.060 103.347200 31.351010 5.7 17.7
2008 5 14 11 7 46.970 103.220800 31.013640 4.5 17.8
2008 5 14 14 2 17.260 103.297700 31.164170 4.1 17.3
2008 5 14 16 57 25.340 103.384000 30.994320 4.1 13.3
2008 5 14 17 26 43.490 103.898900 31.442770 5.5 16.1
2008 5 14 17 51 19.090 103.677800 31.193090 3.9 13.9
2008 5 14 18 18 13.500 103.161500 30.922240 3.9 16.3
2008 5 14 19 9 44.190 103.809300 31.475440 3.6 16.2
2008 5 14 19 14 7.390 103.289900 31.013100 3.5 10.2
2008 5 14 19 22 40.910 103.387700 30.997470 3.8 12.2
2008 5 14 19 25 25.660 103.452900 31.382980 4.2 14.1
2008 5 14 21 9 54.960 105.270500 32.593810 3.1 14.7
2008 5 14 21 16 21.570 103.155900 31.548260 4.1 15.4
2008 5 14 21 27 17.320 105.226500 32.537410 4.1 14.4
2008 5 14 21 29 42.160 105.064400 32.383690 4.8 10.9
2008 5 14 21 33 39.940 103.351600 30.995810 3.2 14.1
2008 5 14 21 35 9.090 103.570400 31.262400 3.9 15.7
2008 5 14 21 43 49.240 103.806900 31.465580 3.9 14.5
2008 5 15 0 11 55.300 104.610600 32.125000 3.9 8.9
2008 5 15 0 25 41.250 103.375800 31.012310 3.0 9.9
2008 5 15 0 28 25.110 104.605900 32.179450 3.4 12.3
2008 5 15 0 37 14.610 103.475700 31.275560 3.8 14.0
2008 5 15 0 56 9.350 104.277900 31.779960 3.2 10.6
2008 5 15 3 12 36.300 103.773100 31.293740 3.2 11.9
2008 5 15 3 41 47.910 103.263900 30.940240 3.2 13.8
2008 5 15 3 48 12.280 103.223300 30.987960 3.3 16.6
2008 5 15 3 49 35.080 104.595300 32.170570 3.7 15.9
2008 5 15 3 51 42.580 103.497500 31.282870 3.2 7.5
2008 5 15 3 59 .610 103.505100 31.093380 4.4 12.8
2008 5 15 4 21 57.290 104.048100 31.678610 3.5 18.0
2008 5 15 5 1 5.540 104.109300 31.741360 5.3 18.4
2008 5 15 6 10 9.110 103.601200 31.251970 5.0 13.9
2008 5 15 6 33 .730 103.552900 31.280970 3.3 15.5
2008 5 15 6 39 49.180 103.780000 31.343500 3.6 16.4
2008 5 15 7 43 15.690 103.357400 31.275930 3.2 13.3
2008 5 15 8 3 28.230 103.798400 31.320880 3.4 15.5
2008 5 15 8 7 29.350 104.761900 32.193130 3.7 10.7
2008 5 15 8 9 28.340 104.331400 31.858410 4.5 10.6
2008 5 15 8 23 55.970 103.515600 31.197890 3.1 13.1
2008 5 15 8 39 41.240 103.391500 31.069550 4.0 13.3
2008 5 15 8 50 17.890 103.414000 31.350460 4.2 15.7
2008 5 15 12 27 29.030 103.715200 31.313060 4.4 15.6
2008 5 15 12 57 22.010 103.146500 31.543600 3.8 15.1
2008 5 15 14 30 53.880 103.273000 31.047650 3.6 13.8
2008 5 15 15 44 13.140 104.044400 31.536180 3.2 16.9
2008 5 15 17 40 40.620 103.361500 30.999940 3.4 12.4
2008 5 15 18 24 15.210 104.028200 31.535690 3.1 13.8
2008 5 15 18 32 29.120 103.827300 31.434210 3.8 12.3
2008 5 15 18 34 52.190 103.666600 31.216110 3.6 12.0
2008 5 15 18 44 45.670 105.192800 32.563690 4.0 11.9
2008 5 15 19 0 49.900 104.935800 32.245350 3.1 12.4
2008 5 15 19 19 8.290 103.231600 30.916800 3.1 16.8
2008 5 15 19 49 35.970 103.915800 31.451360 3.9 15.2
2008 5 15 20 6 54.010 104.087300 31.604050 3.5 17.5
2008 5 15 21 54 44.300 104.832300 32.285360 3.9 19.5
2008 5 15 22 18 38.150 103.557400 31.315770 3.5 12.4
2008 5 15 22 57 31.090 103.354800 31.357470 3.9 13.1
2008 5 16 0 6 55.250 105.216900 32.552100 4.3 15.5
2008 5 16 3 13 40.860 103.649700 31.260100 3.5 6.0
2008 5 16 6 2 32.980 104.944700 32.264400 4.3 12.6
2008 5 16 6 10 35.000 103.911900 31.358080 4.8 12.7
2008 5 16 6 26 26.400 103.894700 31.401370 3.3 14.2
2008 5 16 6 30 3.850 103.667700 31.206180 3.4 12.2
2008 5 16 6 46 10.140 103.425500 31.236590 4.1 8.8
2008 5 16 6 47 39.360 103.402400 31.294330 4.1 13.2
2008 5 16 10 1 59.860 103.965700 31.513900 3.1 12.9
2008 5 16 10 21 46.320 103.560700 31.180460 3.2 11.8
2008 5 16 10 25 15.530 103.740600 31.258390 3.4 17.2
2008 5 16 10 34 32.870 104.065700 31.732390 3.7 16.4
2008 5 16 14 3 1.580 105.046000 32.419680 3.3 11.1
2008 5 16 16 31 44.400 103.809400 31.321790 3.1 14.6
2008 5 16 17 38 23.940 103.839900 31.398770 3.6 15.6
2008 5 16 18 32 41.220 103.711600 31.308340 3.3 15.9
2008 5 16 18 41 36.030 103.620700 31.225980 3.5 12.3
2008 5 16 18 51 44.330 103.633400 31.331490 4.7 16.7
2008 5 16 19 18 56.830 103.924700 31.453890 3.3 15.7
2008 5 16 19 35 13.530 104.176100 31.413480 3.4 10.0
2008 5 16 19 54 18.210 105.003300 32.301550 3.0 15.2
2008 5 16 19 56 53.910 103.474800 31.258880 3.1 11.8
2008 5 16 21 6 46.840 104.067200 31.662650 3.7 12.2
2008 5 16 21 21 10.580 104.225300 31.931080 4.2 15.6
2008 5 16 21 31 30.610 103.922100 31.496420 3.3 13.9
2008 5 16 23 21 5.400 103.846100 31.453160 3.8 13.4
2008 5 17 0 14 42.400 103.425200 31.173530 5.3 13.0
2008 5 17 3 9 21.740 104.945500 32.289760 3.2 14.3
2008 5 17 4 16 50.500 103.461700 31.298050 5.4 9.3
2008 5 17 4 29 3.150 103.336500 31.364400 4.7 11.8
2008 5 17 6 30 39.380 104.925900 32.292160 3.4 21.2
2008 5 17 6 33 8.200 104.995700 32.309320 4.4 11.0
2008 5 17 6 54 29.530 103.606800 31.249230 3.5 12.6
2008 5 17 7 0 24.550 103.745900 31.157820 3.8 15.2
2008 5 17 10 45 2.030 103.439800 31.072630 3.9 8.3
2008 5 17 11 55 7.770 103.488700 31.186610 3.1 9.0
2008 5 17 17 51 44.480 104.379600 32.016930 3.6 14.2
2008 5 17 18 48 25.910 104.161500 31.599950 4.1 13.1
2008 5 17 20 46 26.760 103.367600 31.015260 4.0 14.2
2008 5 17 20 50 5.150 103.424000 31.152390 2.7 11.1
2008 5 17 21 6 48.170 103.348600 31.040720 2.8 12.2
2008 5 17 21 25 32.480 105.259600 32.547050 .0 13.8
2008 5 17 21 32 13.940 104.639400 32.132250 4.7 16.4
2008 5 17 22 9 9.370 103.481500 31.226220 .0 7.8
2008 5 17 22 13 58.450 103.479400 31.187310 3.5 12.7
2008 5 17 22 55 54.650 104.382800 31.896520 .0 9.2
2008 5 17 23 10 2.480 103.571000 31.173380 .0 12.8
2008 5 17 23 32 59.630 104.271200 31.793040 3.6 16.6
2008 5 17 23 36 29.260 103.378700 30.985080 3.5 14.0
2008 5 18 0 22 54.600 104.599500 32.211300 3.0 15.2
2008 5 18 0 29 3.560 104.008400 31.550020 4.1 13.5
2008 5 18 0 47 3.690 103.181000 31.358560 3.9 10.6
2008 5 18 1 4 39.200 103.315600 31.394330 4.4 15.2
2008 5 18 1 8 26.410 104.893700 32.273590 .0 15.0
2008 5 18 1 22 25.880 103.377500 31.128920 3.2 14.7
2008 5 18 1 38 27.590 104.986500 32.344090 3.3 15.8
2008 5 18 2 1 5.870 105.373500 32.679810 3.3 13.8
2008 5 18 2 16 22.710 104.879200 32.252560 3.9 15.1
2008 5 18 2 22 40.380 105.123100 32.512120 3.1 19.9
2008 5 18 2 30 6.110 103.469700 31.335250 3.0 13.8
2008 5 18 2 33 51.150 104.918800 32.261150 3.9 15.8
2008 5 18 2 39 6.980 104.917100 32.260710 3.5 15.7
2008 5 18 2 39 24.310 103.284200 30.939340 2.8 15.2
2008 5 18 3 8 55.430 103.324000 30.936260 3.8 18.0
2008 5 18 3 19 .060 104.583700 32.201500 2.9 13.7
2008 5 18 3 20 54.510 103.493600 31.182420 3.3 13.2
2008 5 18 3 25 55.540 103.496500 31.144580 2.9 12.8
2008 5 18 3 38 56.880 104.087600 31.699490 2.9 16.6
2008 5 18 3 50 42.640 103.492800 31.104170 3.1 13.6
2008 5 18 3 54 44.410 104.329200 31.823610 3.5 9.6
2008 5 18 4 0 38.290 103.354800 30.993190 3.2 8.2
2008 5 18 4 3 42.500 104.954000 32.290070 .0 13.9
2008 5 18 4 5 55.850 104.351200 31.862060 2.8 10.4
2008 5 18 4 26 4.030 103.445400 31.213860 .0 11.3
2008 5 18 5 16 46.280 103.284800 30.899030 3.4 16.4
2008 5 18 6 1 32.900 104.200600 32.112000 3.8 13.1
2008 5 18 6 4 15.950 104.918300 32.259830 3.5 15.0
2008 5 18 6 9 55.490 103.949800 31.536830 3.6 15.4
2008 5 18 6 15 14.730 105.081700 32.493070 2.8 11.3
2008 5 18 6 17 11.510 103.668600 31.265610 .0 11.4
2008 5 18 6 29 39.710 104.926500 32.285230 3.7 14.8
2008 5 18 7 0 30.620 103.395100 31.045160 3.1 9.3
2008 5 18 7 3 46.820 103.753100 31.347200 .0 16.2
2008 5 18 7 26 29.570 105.285100 32.638700 3.2 17.6
2008 5 18 7 41 18.660 105.116600 32.525560 3.1 17.6
2008 5 18 7 47 4.180 105.289200 32.589390 3.8 16.4
2008 5 18 7 51 59.730 103.591800 31.202460 3.1 10.5
2008 5 18 7 59 38.940 104.045200 31.570640 3.5 15.3
2008 5 18 9 4 58.010 103.551300 31.100030 4.3 14.6
2008 5 18 9 18 50.980 104.955000 32.277010 3.1 13.7
2008 5 18 9 41 48.310 103.186000 30.952190 4.0 17.0
2008 5 18 9 50 29.240 104.614800 32.156530 3.7 18.1
2008 5 18 10 19 50.960 104.593000 32.178390 3.9 13.2
2008 5 18 10 30 44.490 104.887900 32.258320 2.8 13.9
2008 5 18 10 47 31.620 104.960600 32.284070 3.0 15.7
2008 5 18 11 4 46.500 104.698500 32.246760 2.8 11.7
2008 5 18 11 9 50.220 103.160900 30.957700 3.5 17.6
2008 5 18 11 16 16.650 104.381100 32.034240 2.9 15.4
2008 5 18 11 18 3.030 104.261600 31.949870 2.9 16.7
2008 5 18 11 23 50.890 103.553900 31.189650 3.7 13.8
2008 5 18 11 36 50.010 103.280000 30.800120 3.2 17.7
2008 5 18 11 51 43.820 103.397500 30.975600 .0 9.5
2008 5 18 13 3 18.520 104.063500 31.691210 3.2 5.5
2008 5 18 13 36 35.110 104.204100 31.729960 3.1 12.8
2008 5 18 14 1 46.410 104.294900 31.919010 3.0 10.5
2008 5 18 14 32 50.670 105.069700 32.502200 .0 16.6
2008 5 18 14 48 53.500 105.354500 32.642220 3.3 17.3
2008 5 18 15 14 30.140 103.940100 31.467220 3.4 15.3
2008 5 18 15 32 59.290 104.230000 31.742730 2.8 5.7
2008 5 18 16 7 12.480 103.358900 31.015330 2.7 12.6
2008 5 18 16 8 21.850 103.331700 31.390800 3.8 12.0
2008 5 18 16 28 15.790 104.899500 32.262740 3.2 15.6
2008 5 18 16 33 48.010 103.489100 31.224770 3.0 11.4
2008 5 18 16 40 17.040 105.367200 32.603960 .0 13.7
2008 5 18 16 55 52.680 103.890500 31.407140 4.1 16.3
2008 5 18 17 16 43.160 103.288200 30.987540 3.2 15.7
2008 5 18 17 20 21.790 104.076900 31.716100 3.4 14.8
2008 5 18 17 22 24.470 103.219800 31.040590 3.2 13.2
2008 5 18 17 37 57.650 104.235200 31.829510 3.1 15.3
2008 5 18 17 52 42.920 105.467400 32.780660 .0 12.0
2008 5 18 18 47 8.970 104.883300 32.291920 .0 13.7
2008 5 18 18 53 1.290 104.344500 31.941350 3.0 8.1
2008 5 18 20 3 16.460 103.612600 31.105110 3.3 12.5
2008 5 18 20 6 50.260 104.357400 31.888880 2.9 9.8
2008 5 18 20 35 50.670 103.439800 30.958400 3.2 5.7
2008 5 18 20 37 2.310 103.190400 31.368310 .0 14.0
2008 5 18 20 41 30.050 103.473900 31.321440 3.9 9.4
2008 5 18 20 52 41.530 103.826200 31.403120 4.0 16.7
2008 5 18 21 23 39.870 104.269400 31.786650 .0 13.5
2008 5 18 21 32 39.160 104.054300 31.629600 3.0 15.0
2008 5 18 21 34 8.900 104.896700 32.250930 4.1 15.4
2008 5 18 21 40 20.080 103.666100 31.290450 2.8 14.3
2008 5 18 21 48 40.210 103.478700 31.212620 .0 11.8
2008 5 18 21 50 1.630 105.051900 32.365890 3.7 14.0
2008 5 18 21 58 47.420 105.378500 32.691860 3.2 13.9
2008 5 18 22 7 14.230 103.504100 31.081040 3.0 11.4
2008 5 18 22 14 1.530 103.456200 31.184350 2.9 13.0
2008 5 18 22 22 26.620 103.596000 31.231110 3.5 13.4
2008 5 18 22 37 24.660 103.603000 31.227700 2.9 9.8
2008 5 18 22 38 28.110 103.279200 30.955030 3.3 17.5
2008 5 18 23 1 23.710 104.323200 31.838240 2.9 10.8
2008 5 18 23 7 27.450 103.460300 31.247310 2.8 11.7
2008 5 18 23 34 43.730 103.309600 31.033350 3.1 12.5
2008 5 19 0 37 30.100 104.352000 31.894890 2.9 10.2
2008 5 19 0 56 4.050 103.910400 31.379600 4.1 14.4
2008 5 19 1 8 25.690 103.789100 31.237720 3.2 15.6
2008 5 19 1 22 45.730 104.357300 31.866170 3.2 5.3
2008 5 19 1 53 10.400 103.775600 31.388800 3.0 13.3
2008 5 19 2 1 3.790 103.625400 31.236800 3.0 13.5
2008 5 19 2 5 10.170 103.754100 31.386370 3.2 18.7
2008 5 19 2 16 20.570 104.660400 32.278160 3.3 13.9
2008 5 19 2 18 45.350 103.370200 30.983220 3.4 8.0
2008 5 19 2 24 21.950 103.827200 31.375860 3.0 14.8
2008 5 19 2 34 59.510 103.492800 31.187240 3.0 8.3
2008 5 19 2 39 41.930 103.198500 31.012160 3.4 22.2
2008 5 19 3 0 58.220 105.358300 32.603380 2.7 11.2
2008 5 19 3 23 58.480 103.367100 31.022730 3.0 8.2
2008 5 19 3 28 21.900 103.664500 31.355500 3.1 18.6
2008 5 19 3 34 5.830 105.073100 32.453640 3.8 16.3
2008 5 19 3 58 44.160 104.128900 31.715630 3.2 12.8
2008 5 19 4 22 5.340 103.243300 31.005080 3.1 13.0
2008 5 19 4 23 27.110 105.015300 32.391290 .0 16.3
2008 5 19 4 34 38.100 104.390800 32.020340 3.4 15.8
2008 5 19 4 37 7.610 103.318700 31.030950 3.4 14.4
2008 5 19 4 43 53.720 103.321600 31.039550 3.1 13.8
2008 5 19 4 48 16.980 103.821500 31.379970 3.5 16.8
2008 5 19 4 51 54.860 104.204400 31.737630 3.0 12.3
2008 5 19 4 59 48.080 103.403900 31.073920 3.5 12.6
2008 5 19 5 2 26.180 103.392700 31.023530 3.2 13.1
2008 5 19 5 12 22.200 105.246200 32.599160 3.9 17.1
2008 5 19 5 45 6.850 105.068600 32.469930 3.3 16.9
2008 5 19 6 4 7.950 103.289000 30.950330 3.1 17.0
2008 5 19 6 31 39.860 103.347300 31.046850 2.7 13.9
2008 5 19 6 46 24.450 103.471600 31.238600 3.0 12.8
2008 5 19 6 50 1.450 103.223100 30.745350 3.9 15.0
2008 5 19 6 56 28.860 103.757000 31.418470 3.2 16.5
2008 5 19 7 3 5.280 103.980900 31.476480 3.0 15.1
2008 5 19 7 6 18.130 103.983200 31.626910 4.0 19.5
2008 5 19 7 8 29.640 105.082400 32.421820 3.0 14.7
2008 5 19 7 13 47.080 104.054200 31.545940 3.0 12.2
2008 5 19 7 27 39.520 103.841300 31.456290 3.0 16.1
2008 5 19 7 30 44.220 103.387400 31.312270 3.1 6.7
2008 5 19 7 46 21.140 103.550500 31.280480 3.0 14.9
2008 5 19 7 53 16.240 103.321400 31.031260 3.0 14.6
2008 5 19 8 20 30.730 103.562800 31.183650 3.8 14.0
2008 5 19 8 48 8.530 103.362800 31.055300 3.0 10.3
2008 5 19 8 54 54.510 105.144200 32.399850 3.3 14.7
2008 5 19 9 24 7.050 105.301800 32.550940 3.1 9.7
2008 5 19 9 26 3.080 103.655300 31.336420 4.0 20.3
2008 5 19 10 0 59.220 105.239200 32.567350 3.5 16.7
2008 5 19 10 3 41.650 103.386000 30.930660 3.1 20.2
2008 5 19 10 16 56.470 103.320900 30.951980 3.1 13.5
2008 5 19 10 17 17.530 103.672900 31.183460 3.5 13.3
2008 5 19 10 21 19.050 104.119400 31.740800 2.8 19.5
2008 5 19 10 22 28.320 103.297400 31.061080 3.0 11.2
2008 5 19 10 32 13.550 104.912800 32.324740 3.0 13.8
2008 5 19 11 13 32.480 103.346600 30.964650 3.6 15.4
2008 5 19 11 16 57.000 104.236700 31.808400 3.4 13.3
2008 5 19 11 18 5.310 105.232000 32.547730 .0 9.6
2008 5 19 11 21 33.760 103.318800 31.197870 3.6 20.3
2008 5 19 11 49 4.840 103.503500 31.058200 2.9 11.1
2008 5 19 11 51 34.720 103.463500 31.205090 3.0 10.4
2008 5 19 11 59 28.160 104.937000 32.289670 4.1 16.3
2008 5 19 12 6 5.510 103.514800 31.183670 3.6 12.7
2008 5 19 12 20 16.250 104.937200 32.326230 3.0 14.8
2008 5 19 12 30 43.960 104.155400 31.730750 2.8 11.0
2008 5 19 12 37 21.160 103.513300 31.253270 3.8 12.4
2008 5 19 12 42 16.020 103.510100 31.272470 3.6 10.1
2008 5 19 12 48 39.160 104.406200 31.828910 3.4 10.8
2008 5 19 12 49 36.810 105.133100 32.461290 3.3 13.7
2008 5 19 13 5 34.480 105.170000 32.439750 2.9 15.7
2008 5 19 13 7 7.120 103.750800 31.390530 3.1 14.3
2008 5 19 13 12 43.020 104.686400 32.277200 3.7 13.6
2008 5 19 13 24 12.210 104.230300 31.802640 .0 11.9
2008 5 19 13 29 20.520 103.397500 31.069970 3.6 15.0
2008 5 19 13 35 5.190 104.250500 31.847650 3.0 14.7
2008 5 19 13 37 16.890 103.934600 31.541340 2.8 14.1
2008 5 19 13 56 .940 103.401700 31.033690 3.5 5.4
2008 5 19 14 0 53.220 103.770200 31.298660 3.0 12.1
2008 5 19 14 6 53.280 105.267900 32.552340 5.9 14.8
2008 5 19 14 11 11.490 103.708200 31.370020 .0 16.5
2008 5 19 14 14 38.340 103.708200 31.372450 3.2 16.6
2008 5 19 14 15 2.530 105.276100 32.557010 3.4 11.3
2008 5 19 14 25 50.020 105.256400 32.540920 4.2 10.9
2008 5 19 14 29 24.330 103.900000 31.453430 3.0 15.2
